F:\Exp\4×é²»Í¬ÖÜÆÚ±ä¾àÊµÑéÊý¾Ý\Ô­Ê¼Í¼ÏñÊý¾Ý\²É¼¯Í¼Æ¬Êý¾Ý_600_6_05\600_6_05_1.bmp 488.232 265.75 9.88894 00
F:\Exp\4×é²»Í¬ÖÜÆÚ±ä¾àÊµÑéÊý¾Ý\Ô­Ê¼Í¼ÏñÊý¾Ý\²É¼¯Í¼Æ¬Êý¾Ý_600_6_05\600_6_05_10.bmp 486.275 268.75 9.89227 00
F:\Exp\4×é²»Í¬ÖÜÆÚ±ä¾àÊµÑéÊý¾Ý\Ô­Ê¼Í¼ÏñÊý¾Ý\²É¼¯Í¼Æ¬Êý¾Ý_600_6_05\600_6_05_100.bmp 464.188 265.125 9.71831 00
F:\Exp\4×é²»Í¬ÖÜÆÚ±ä¾àÊµÑéÊý¾Ý\Ô­Ê¼Í¼ÏñÊý¾Ý\²É¼¯Í¼Æ¬Êý¾Ý_600_6_05\600_6_05_101.bmp 488.188 267 9.55098 00
F:\Exp\4×é²»Í¬ÖÜÆÚ±ä¾àÊµÑéÊý¾Ý\Ô­Ê¼Í¼ÏñÊý¾Ý\²É¼¯Í¼Æ¬Êý¾Ý_600_6_05\600_6_05_102.bmp 488.188 267 9.55098 00
F:\Exp\4×é²»Í¬ÖÜÆÚ±ä¾àÊµÑéÊý¾Ý\Ô­Ê¼Í¼ÏñÊý¾Ý\²É¼¯Í¼Æ¬Êý¾Ý_600_6_05\600_6_05_103.bmp 470.232 264.75 9.88894 00
F:\Exp\4×é²»Í¬ÖÜÆÚ±ä¾àÊµÑéÊý¾Ý\Ô­Ê¼Í¼ÏñÊý¾Ý\²É¼¯Í¼Æ¬Êý¾Ý_600_6_05\600_6_05_104.bmp 470.232 264.75 9.88894 00
F:\Exp\4×é²»Í¬ÖÜÆÚ±ä¾àÊµÑéÊý¾Ý\Ô­Ê¼Í¼ÏñÊý¾Ý\²É¼¯Í¼Æ¬Êý¾Ý_600_6_05\600_6_05_105.bmp 472.313 264.375 10.0623 00
F:\Exp\4×é²»Í¬ÖÜÆÚ±ä¾àÊµÑéÊý¾Ý\Ô­Ê¼Í¼ÏñÊý¾Ý\²É¼¯Í¼Æ¬Êý¾Ý_600_6_05\600_6_05_106.bmp 472.313 264.375 10.0623 00
F:\Exp\4×é²»Í¬ÖÜÆÚ±ä¾àÊµÑéÊý¾Ý\Ô­Ê¼Í¼ÏñÊý¾Ý\²É¼¯Í¼Æ¬Êý¾Ý_600_6_05\600_6_05_107.bmp 460.188 263.375 10.0525 00
F:\Exp\4×é²»Í¬ÖÜÆÚ±ä¾àÊµÑéÊý¾Ý\Ô­Ê¼Í¼ÏñÊý¾Ý\²É¼¯Í¼Æ¬Êý¾Ý_600_6_05\600_6_05_108.bmp 460.188 263.375 10.0525 00
F:\Exp\4×é²»Í¬ÖÜÆÚ±ä¾àÊµÑéÊý¾Ý\Ô­Ê¼Í¼ÏñÊý¾Ý\²É¼¯Í¼Æ¬Êý¾Ý_600_6_05\600_6_05_109.bmp 485.313 264.25 9.89519 00
F:\Exp\4×é²»Í¬ÖÜÆÚ±ä¾àÊµÑéÊý¾Ý\Ô­Ê¼Í¼ÏñÊý¾Ý\²É¼¯Í¼Æ¬Êý¾Ý_600_6_05\600_6_05_11.bmp 467.188 267.375 10.0525 00
F:\Exp\4×é²»Í¬ÖÜÆÚ±ä¾àÊµÑéÊý¾Ý\Ô­Ê¼Í¼ÏñÊý¾Ý\²É¼¯Í¼Æ¬Êý¾Ý_600_6_05\600_6_05_110.bmp 485.313 264.25 9.89519 00
F:\Exp\4×é²»Í¬ÖÜÆÚ±ä¾àÊµÑéÊý¾Ý\Ô­Ê¼Í¼ÏñÊý¾Ý\²É¼¯Í¼Æ¬Êý¾Ý_600_6_05\600_6_05_111.bmp 463.313 262.375 10.0623 00
F:\Exp\4×é²»Í¬ÖÜÆÚ±ä¾àÊµÑéÊý¾Ý\Ô­Ê¼Í¼ÏñÊý¾Ý\²É¼¯Í¼Æ¬Êý¾Ý_600_6_05\600_6_05_112.bmp 463.313 262.375 10.0623 00
F:\Exp\4×é²»Í¬ÖÜÆÚ±ä¾àÊµÑéÊý¾Ý\Ô­Ê¼Í¼ÏñÊý¾Ý\²É¼¯Í¼Æ¬Êý¾Ý_600_6_05\600_6_05_113.bmp 486.188 264.25 9.88547 00
F:\Exp\4×é²»Í¬ÖÜÆÚ±ä¾àÊµÑéÊý¾Ý\Ô­Ê¼Í¼ÏñÊý¾Ý\²É¼¯Í¼Æ¬Êý¾Ý_600_6_05\600_6_05_114.bmp 486.188 264.25 9.88547 00
F:\Exp\4×é²»Í¬ÖÜÆÚ±ä¾àÊµÑéÊý¾Ý\Ô­Ê¼Í¼ÏñÊý¾Ý\²É¼¯Í¼Æ¬Êý¾Ý_600_6_05\600_6_05_115.bmp 465.813 264.125 9.84401 00
F:\Exp\4×é²»Í¬ÖÜÆÚ±ä¾àÊµÑéÊý¾Ý\Ô­Ê¼Í¼ÏñÊý¾Ý\²É¼¯Í¼Æ¬Êý¾Ý_600_6_05\600_6_05_116.bmp 465.813 264.125 9.84401 00
F:\Exp\4×é²»Í¬ÖÜÆÚ±ä¾àÊµÑéÊý¾Ý\Ô­Ê¼Í¼ÏñÊý¾Ý\²É¼¯Í¼Æ¬Êý¾Ý_600_6_05\600_6_05_117.bmp 487.188 265.125 9.71831 00
F:\Exp\4×é²»Í¬ÖÜÆÚ±ä¾àÊµÑéÊý¾Ý\Ô­Ê¼Í¼ÏñÊý¾Ý\²É¼¯Í¼Æ¬Êý¾Ý_600_6_05\600_6_05_118.bmp 487.188 265.125 9.71831 00
F:\Exp\4×é²»Í¬ÖÜÆÚ±ä¾àÊµÑéÊý¾Ý\Ô­Ê¼Í¼ÏñÊý¾Ý\²É¼¯Í¼Æ¬Êý¾Ý_600_6_05\600_6_05_119.bmp 469.813 264.125 9.84401 00
F:\Exp\4×é²»Í¬ÖÜÆÚ±ä¾àÊµÑéÊý¾Ý\Ô­Ê¼Í¼ÏñÊý¾Ý\²É¼¯Í¼Æ¬Êý¾Ý_600_6_05\600_6_05_12.bmp 467.188 267.375 10.0525 00
F:\Exp\4×é²»Í¬ÖÜÆÚ±ä¾àÊµÑéÊý¾Ý\Ô­Ê¼Í¼ÏñÊý¾Ý\²É¼¯Í¼Æ¬Êý¾Ý_600_6_05\600_6_05_120.bmp 469.813 264.125 9.84401 00
F:\Exp\4×é²»Í¬ÖÜÆÚ±ä¾àÊµÑéÊý¾Ý\Ô­Ê¼Í¼ÏñÊý¾Ý\²É¼¯Í¼Æ¬Êý¾Ý_600_6_05\600_6_05_121.bmp 490.813 266.125 9.84401 00
F:\Exp\4×é²»Í¬ÖÜÆÚ±ä¾àÊµÑéÊý¾Ý\Ô­Ê¼Í¼ÏñÊý¾Ý\²É¼¯Í¼Æ¬Êý¾Ý_600_6_05\600_6_05_122.bmp 490.813 266.125 9.84401 00
F:\Exp\4×é²»Í¬ÖÜÆÚ±ä¾àÊµÑéÊý¾Ý\Ô­Ê¼Í¼ÏñÊý¾Ý\²É¼¯Í¼Æ¬Êý¾Ý_600_6_05\600_6_05_123.bmp 451.813 263.125 9.84401 00
F:\Exp\4×é²»Í¬ÖÜÆÚ±ä¾àÊµÑéÊý¾Ý\Ô­Ê¼Í¼ÏñÊý¾Ý\²É¼¯Í¼Æ¬Êý¾Ý_600_6_05\600_6_05_124.bmp 451.813 263.125 9.84401 00
F:\Exp\4×é²»Í¬ÖÜÆÚ±ä¾àÊµÑéÊý¾Ý\Ô­Ê¼Í¼ÏñÊý¾Ý\²É¼¯Í¼Æ¬Êý¾Ý_600_6_05\600_6_05_125.bmp 482.188 263.125 9.71831 00
F:\Exp\4×é²»Í¬ÖÜÆÚ±ä¾àÊµÑéÊý¾Ý\Ô­Ê¼Í¼ÏñÊý¾Ý\²É¼¯Í¼Æ¬Êý¾Ý_600_6_05\600_6_05_126.bmp 482.188 263.125 9.71831 00
F:\Exp\4×é²»Í¬ÖÜÆÚ±ä¾àÊµÑéÊý¾Ý\Ô­Ê¼Í¼ÏñÊý¾Ý\²É¼¯Í¼Æ¬Êý¾Ý_600_6_05\600_6_05_127.bmp 466.813 261 9.6746 00
F:\Exp\4×é²»Í¬ÖÜÆÚ±ä¾àÊµÑéÊý¾Ý\Ô­Ê¼Í¼ÏñÊý¾Ý\²É¼¯Í¼Æ¬Êý¾Ý_600_6_05\600_6_05_128.bmp 466.813 261 9.6746 00
F:\Exp\4×é²»Í¬ÖÜÆÚ±ä¾àÊµÑéÊý¾Ý\Ô­Ê¼Í¼ÏñÊý¾Ý\²É¼¯Í¼Æ¬Êý¾Ý_600_6_05\600_6_05_129.bmp 487.813 261.875 9.50502 00
F:\Exp\4×é²»Í¬ÖÜÆÚ±ä¾àÊµÑéÊý¾Ý\Ô­Ê¼Í¼ÏñÊý¾Ý\²É¼¯Í¼Æ¬Êý¾Ý_600_6_05\600_6_05_13.bmp 486.313 268.375 10.0623 00
F:\Exp\4×é²»Í¬ÖÜÆÚ±ä¾àÊµÑéÊý¾Ý\Ô­Ê¼Í¼ÏñÊý¾Ý\²É¼¯Í¼Æ¬Êý¾Ý_600_6_05\600_6_05_130.bmp 487.813 261.875 9.50502 00
F:\Exp\4×é²»Í¬ÖÜÆÚ±ä¾àÊµÑéÊý¾Ý\Ô­Ê¼Í¼ÏñÊý¾Ý\²É¼¯Í¼Æ¬Êý¾Ý_600_6_05\600_6_05_131.bmp 451.813 260.875 9.50502 00
F:\Exp\4×é²»Í¬ÖÜÆÚ±ä¾àÊµÑéÊý¾Ý\Ô­Ê¼Í¼ÏñÊý¾Ý\²É¼¯Í¼Æ¬Êý¾Ý_600_6_05\600_6_05_132.bmp 451.813 260.875 9.50502 00
F:\Exp\4×é²»Í¬ÖÜÆÚ±ä¾àÊµÑéÊý¾Ý\Ô­Ê¼Í¼ÏñÊý¾Ý\²É¼¯Í¼Æ¬Êý¾Ý_600_6_05\600_6_05_133.bmp 484.188 260.125 9.71831 00
F:\Exp\4×é²»Í¬ÖÜÆÚ±ä¾àÊµÑéÊý¾Ý\Ô­Ê¼Í¼ÏñÊý¾Ý\²É¼¯Í¼Æ¬Êý¾Ý_600_6_05\600_6_05_134.bmp 484.188 260.125 9.71831 00
F:\Exp\4×é²»Í¬ÖÜÆÚ±ä¾àÊµÑéÊý¾Ý\Ô­Ê¼Í¼ÏñÊý¾Ý\²É¼¯Í¼Æ¬Êý¾Ý_600_6_05\600_6_05_135.bmp 466.188 260.125 9.71831 00
F:\Exp\4×é²»Í¬ÖÜÆÚ±ä¾àÊµÑéÊý¾Ý\Ô­Ê¼Í¼ÏñÊý¾Ý\²É¼¯Í¼Æ¬Êý¾Ý_600_6_05\600_6_05_136.bmp 466.188 260.125 9.71831 00
F:\Exp\4×é²»Í¬ÖÜÆÚ±ä¾àÊµÑéÊý¾Ý\Ô­Ê¼Í¼ÏñÊý¾Ý\²É¼¯Í¼Æ¬Êý¾Ý_600_6_05\600_6_05_137.bmp 490.732 261.5 9.66842 00
F:\Exp\4×é²»Í¬ÖÜÆÚ±ä¾àÊµÑéÊý¾Ý\Ô­Ê¼Í¼ÏñÊý¾Ý\²É¼¯Í¼Æ¬Êý¾Ý_600_6_05\600_6_05_138.bmp 490.732 261.5 9.66842 00
F:\Exp\4×é²»Í¬ÖÜÆÚ±ä¾àÊµÑéÊý¾Ý\Ô­Ê¼Í¼ÏñÊý¾Ý\²É¼¯Í¼Æ¬Êý¾Ý_600_6_05\600_6_05_139.bmp 449.732 260.5 9.66842 00
F:\Exp\4×é²»Í¬ÖÜÆÚ±ä¾àÊµÑéÊý¾Ý\Ô­Ê¼Í¼ÏñÊý¾Ý\²É¼¯Í¼Æ¬Êý¾Ý_600_6_05\600_6_05_14.bmp 486.313 268.375 10.0623 00
F:\Exp\4×é²»Í¬ÖÜÆÚ±ä¾àÊµÑéÊý¾Ý\Ô­Ê¼Í¼ÏñÊý¾Ý\²É¼¯Í¼Æ¬Êý¾Ý_600_6_05\600_6_05_140.bmp 449.732 260.5 9.66842 00
F:\Exp\4×é²»Í¬ÖÜÆÚ±ä¾àÊµÑéÊý¾Ý\Ô­Ê¼Í¼ÏñÊý¾Ý\²É¼¯Í¼Æ¬Êý¾Ý_600_6_05\600_6_05_141.bmp 484.313 260.25 9.89519 00
F:\Exp\4×é²»Í¬ÖÜÆÚ±ä¾àÊµÑéÊý¾Ý\Ô­Ê¼Í¼ÏñÊý¾Ý\²É¼¯Í¼Æ¬Êý¾Ý_600_6_05\600_6_05_142.bmp 484.313 260.25 9.89519 00
F:\Exp\4×é²»Í¬ÖÜÆÚ±ä¾àÊµÑéÊý¾Ý\Ô­Ê¼Í¼ÏñÊý¾Ý\²É¼¯Í¼Æ¬Êý¾Ý_600_6_05\600_6_05_143.bmp 466.275 256.75 9.89227 00
F:\Exp\4×é²»Í¬ÖÜÆÚ±ä¾àÊµÑéÊý¾Ý\Ô­Ê¼Í¼ÏñÊý¾Ý\²É¼¯Í¼Æ¬Êý¾Ý_600_6_05\600_6_05_144.bmp 466.275 256.75 9.89227 00
F:\Exp\4×é²»Í¬ÖÜÆÚ±ä¾àÊµÑéÊý¾Ý\Ô­Ê¼Í¼ÏñÊý¾Ý\²É¼¯Í¼Æ¬Êý¾Ý_600_6_05\600_6_05_145.bmp 491.839 256.75 10.0154 00
F:\Exp\4×é²»Í¬ÖÜÆÚ±ä¾àÊµÑéÊý¾Ý\Ô­Ê¼Í¼ÏñÊý¾Ý\²É¼¯Í¼Æ¬Êý¾Ý_600_6_05\600_6_05_146.bmp 491.839 256.75 10.0154 00
F:\Exp\4×é²»Í¬ÖÜÆÚ±ä¾àÊµÑéÊý¾Ý\Ô­Ê¼Í¼ÏñÊý¾Ý\²É¼¯Í¼Æ¬Êý¾Ý_600_6_05\600_6_05_147.bmp 450.313 253.375 10.0623 00
F:\Exp\4×é²»Í¬ÖÜÆÚ±ä¾àÊµÑéÊý¾Ý\Ô­Ê¼Í¼ÏñÊý¾Ý\²É¼¯Í¼Æ¬Êý¾Ý_600_6_05\600_6_05_148.bmp 450.313 253.375 10.0623 00
F:\Exp\4×é²»Í¬ÖÜÆÚ±ä¾àÊµÑéÊý¾Ý\Ô­Ê¼Í¼ÏñÊý¾Ý\²É¼¯Í¼Æ¬Êý¾Ý_600_6_05\600_6_05_149.bmp 485.839 253.75 10.0154 00
F:\Exp\4×é²»Í¬ÖÜÆÚ±ä¾àÊµÑéÊý¾Ý\Ô­Ê¼Í¼ÏñÊý¾Ý\²É¼¯Í¼Æ¬Êý¾Ý_600_6_05\600_6_05_15.bmp 465.313 268.375 10.0623 00
F:\Exp\4×é²»Í¬ÖÜÆÚ±ä¾àÊµÑéÊý¾Ý\Ô­Ê¼Í¼ÏñÊý¾Ý\²É¼¯Í¼Æ¬Êý¾Ý_600_6_05\600_6_05_150.bmp 485.839 253.75 10.0154 00
F:\Exp\4×é²»Í¬ÖÜÆÚ±ä¾àÊµÑéÊý¾Ý\Ô­Ê¼Í¼ÏñÊý¾Ý\²É¼¯Í¼Æ¬Êý¾Ý_600_6_05\600_6_05_151.bmp 465.839 250.75 10.0154 00
F:\Exp\4×é²»Í¬ÖÜÆÚ±ä¾àÊµÑéÊý¾Ý\Ô­Ê¼Í¼ÏñÊý¾Ý\²É¼¯Í¼Æ¬Êý¾Ý_600_6_05\600_6_05_152.bmp 465.839 250.75 10.0154 00
F:\Exp\4×é²»Í¬ÖÜÆÚ±ä¾àÊµÑéÊý¾Ý\Ô­Ê¼Í¼ÏñÊý¾Ý\²É¼¯Í¼Æ¬Êý¾Ý_600_6_05\600_6_05_153.bmp 490.313 251.375 10.0623 00
F:\Exp\4×é²»Í¬ÖÜÆÚ±ä¾àÊµÑéÊý¾Ý\Ô­Ê¼Í¼ÏñÊý¾Ý\²É¼¯Í¼Æ¬Êý¾Ý_600_6_05\600_6_05_154.bmp 490.313 251.375 10.0623 00
F:\Exp\4×é²»Í¬ÖÜÆÚ±ä¾àÊµÑéÊý¾Ý\Ô­Ê¼Í¼ÏñÊý¾Ý\²É¼¯Í¼Æ¬Êý¾Ý_600_6_05\600_6_05_155.bmp 450.938 250.125 9.85382 00
F:\Exp\4×é²»Í¬ÖÜÆÚ±ä¾àÊµÑéÊý¾Ý\Ô­Ê¼Í¼ÏñÊý¾Ý\²É¼¯Í¼Æ¬Êý¾Ý_600_6_05\600_6_05_156.bmp 450.938 250.125 9.85382 00
F:\Exp\4×é²»Í¬ÖÜÆÚ±ä¾àÊµÑéÊý¾Ý\Ô­Ê¼Í¼ÏñÊý¾Ý\²É¼¯Í¼Æ¬Êý¾Ý_600_6_05\600_6_05_157.bmp 484.313 252.25 9.89519 00
F:\Exp\4×é²»Í¬ÖÜÆÚ±ä¾àÊµÑéÊý¾Ý\Ô­Ê¼Í¼ÏñÊý¾Ý\²É¼¯Í¼Æ¬Êý¾Ý_600_6_05\600_6_05_158.bmp 484.313 252.25 9.89519 00
F:\Exp\4×é²»Í¬ÖÜÆÚ±ä¾àÊµÑéÊý¾Ý\Ô­Ê¼Í¼ÏñÊý¾Ý\²É¼¯Í¼Æ¬Êý¾Ý_600_6_05\600_6_05_159.bmp 463.313 250.375 10.0623 00
F:\Exp\4×é²»Í¬ÖÜÆÚ±ä¾àÊµÑéÊý¾Ý\Ô­Ê¼Í¼ÏñÊý¾Ý\²É¼¯Í¼Æ¬Êý¾Ý_600_6_05\600_6_05_16.bmp 465.313 268.375 10.0623 00
F:\Exp\4×é²»Í¬ÖÜÆÚ±ä¾àÊµÑéÊý¾Ý\Ô­Ê¼Í¼ÏñÊý¾Ý\²É¼¯Í¼Æ¬Êý¾Ý_600_6_05\600_6_05_160.bmp 463.313 250.375 10.0623 00
F:\Exp\4×é²»Í¬ÖÜÆÚ±ä¾àÊµÑéÊý¾Ý\Ô­Ê¼Í¼ÏñÊý¾Ý\²É¼¯Í¼Æ¬Êý¾Ý_600_6_05\600_6_05_161.bmp 488.813 251.125 9.84401 00
F:\Exp\4×é²»Í¬ÖÜÆÚ±ä¾àÊµÑéÊý¾Ý\Ô­Ê¼Í¼ÏñÊý¾Ý\²É¼¯Í¼Æ¬Êý¾Ý_600_6_05\600_6_05_162.bmp 488.813 251.125 9.84401 00
F:\Exp\4×é²»Í¬ÖÜÆÚ±ä¾àÊµÑéÊý¾Ý\Ô­Ê¼Í¼ÏñÊý¾Ý\²É¼¯Í¼Æ¬Êý¾Ý_600_6_05\600_6_05_163.bmp 466.938 249.125 9.85382 00
F:\Exp\4×é²»Í¬ÖÜÆÚ±ä¾àÊµÑéÊý¾Ý\Ô­Ê¼Í¼ÏñÊý¾Ý\²É¼¯Í¼Æ¬Êý¾Ý_600_6_05\600_6_05_164.bmp 466.938 249.125 9.85382 00
F:\Exp\4×é²»Í¬ÖÜÆÚ±ä¾àÊµÑéÊý¾Ý\Ô­Ê¼Í¼ÏñÊý¾Ý\²É¼¯Í¼Æ¬Êý¾Ý_600_6_05\600_6_05_165.bmp 492.275 253.75 9.89227 00
F:\Exp\4×é²»Í¬ÖÜÆÚ±ä¾àÊµÑéÊý¾Ý\Ô­Ê¼Í¼ÏñÊý¾Ý\²É¼¯Í¼Æ¬Êý¾Ý_600_6_05\600_6_05_166.bmp 492.275 253.75 9.89227 00
F:\Exp\4×é²»Í¬ÖÜÆÚ±ä¾àÊµÑéÊý¾Ý\Ô­Ê¼Í¼ÏñÊý¾Ý\²É¼¯Í¼Æ¬Êý¾Ý_600_6_05\600_6_05_167.bmp 452.839 252.625 9.84611 00
F:\Exp\4×é²»Í¬ÖÜÆÚ±ä¾àÊµÑéÊý¾Ý\Ô­Ê¼Í¼ÏñÊý¾Ý\²É¼¯Í¼Æ¬Êý¾Ý_600_6_05\600_6_05_168.bmp 452.839 252.625 9.84611 00
F:\Exp\4×é²»Í¬ÖÜÆÚ±ä¾àÊµÑéÊý¾Ý\Ô­Ê¼Í¼ÏñÊý¾Ý\²É¼¯Í¼Æ¬Êý¾Ý_600_6_05\600_6_05_169.bmp 486.313 254.25 9.89519 00
F:\Exp\4×é²»Í¬ÖÜÆÚ±ä¾àÊµÑéÊý¾Ý\Ô­Ê¼Í¼ÏñÊý¾Ý\²É¼¯Í¼Æ¬Êý¾Ý_600_6_05\600_6_05_17.bmp 486.313 270.375 10.0623 00
F:\Exp\4×é²»Í¬ÖÜÆÚ±ä¾àÊµÑéÊý¾Ý\Ô­Ê¼Í¼ÏñÊý¾Ý\²É¼¯Í¼Æ¬Êý¾Ý_600_6_05\600_6_05_170.bmp 486.313 254.25 9.89519 00
F:\Exp\4×é²»Í¬ÖÜÆÚ±ä¾àÊµÑéÊý¾Ý\Ô­Ê¼Í¼ÏñÊý¾Ý\²É¼¯Í¼Æ¬Êý¾Ý_600_6_05\600_6_05_171.bmp 466.313 257.375 10.0623 00
F:\Exp\4×é²»Í¬ÖÜÆÚ±ä¾àÊµÑéÊý¾Ý\Ô­Ê¼Í¼ÏñÊý¾Ý\²É¼¯Í¼Æ¬Êý¾Ý_600_6_05\600_6_05_172.bmp 466.313 257.375 10.0623 00
F:\Exp\4×é²»Í¬ÖÜÆÚ±ä¾àÊµÑéÊý¾Ý\Ô­Ê¼Í¼ÏñÊý¾Ý\²É¼¯Í¼Æ¬Êý¾Ý_600_6_05\600_6_05_173.bmp 490.232 260.75 9.88894 00
F:\Exp\4×é²»Í¬ÖÜÆÚ±ä¾àÊµÑéÊý¾Ý\Ô­Ê¼Í¼ÏñÊý¾Ý\²É¼¯Í¼Æ¬Êý¾Ý_600_6_05\600_6_05_174.bmp 490.232 260.75 9.88894 00
F:\Exp\4×é²»Í¬ÖÜÆÚ±ä¾àÊµÑéÊý¾Ý\Ô­Ê¼Í¼ÏñÊý¾Ý\²É¼¯Í¼Æ¬Êý¾Ý_600_6_05\600_6_05_175.bmp 445.938 260.25 10.0232 00
F:\Exp\4×é²»Í¬ÖÜÆÚ±ä¾àÊµÑéÊý¾Ý\Ô­Ê¼Í¼ÏñÊý¾Ý\²É¼¯Í¼Æ¬Êý¾Ý_600_6_05\600_6_05_176.bmp 445.938 260.25 10.0232 00
F:\Exp\4×é²»Í¬ÖÜÆÚ±ä¾àÊµÑéÊý¾Ý\Ô­Ê¼Í¼ÏñÊý¾Ý\²É¼¯Í¼Æ¬Êý¾Ý_600_6_05\600_6_05_177.bmp 499.839 262.75 10.0154 00
F:\Exp\4×é²»Í¬ÖÜÆÚ±ä¾àÊµÑéÊý¾Ý\Ô­Ê¼Í¼ÏñÊý¾Ý\²É¼¯Í¼Æ¬Êý¾Ý_600_6_05\600_6_05_178.bmp 499.839 262.75 10.0154 00
F:\Exp\4×é²»Í¬ÖÜÆÚ±ä¾àÊµÑéÊý¾Ý\Ô­Ê¼Í¼ÏñÊý¾Ý\²É¼¯Í¼Æ¬Êý¾Ý_600_6_05\600_6_05_179.bmp 448.938 260.25 10.0232 00
F:\Exp\4×é²»Í¬ÖÜÆÚ±ä¾àÊµÑéÊý¾Ý\Ô­Ê¼Í¼ÏñÊý¾Ý\²É¼¯Í¼Æ¬Êý¾Ý_600_6_05\600_6_05_18.bmp 486.313 270.375 10.0623 00
F:\Exp\4×é²»Í¬ÖÜÆÚ±ä¾àÊµÑéÊý¾Ý\Ô­Ê¼Í¼ÏñÊý¾Ý\²É¼¯Í¼Æ¬Êý¾Ý_600_6_05\600_6_05_180.bmp 448.938 260.25 10.0232 00
F:\Exp\4×é²»Í¬ÖÜÆÚ±ä¾àÊµÑéÊý¾Ý\Ô­Ê¼Í¼ÏñÊý¾Ý\²É¼¯Í¼Æ¬Êý¾Ý_600_6_05\600_6_05_181.bmp 498.188 261.25 9.88547 00
F:\Exp\4×é²»Í¬ÖÜÆÚ±ä¾àÊµÑéÊý¾Ý\Ô­Ê¼Í¼ÏñÊý¾Ý\²É¼¯Í¼Æ¬Êý¾Ý_600_6_05\600_6_05_182.bmp 498.188 261.25 9.88547 00
F:\Exp\4×é²»Í¬ÖÜÆÚ±ä¾àÊµÑéÊý¾Ý\Ô­Ê¼Í¼ÏñÊý¾Ý\²É¼¯Í¼Æ¬Êý¾Ý_600_6_05\600_6_05_183.bmp 450.313 258.375 10.0623 00
F:\Exp\4×é²»Í¬ÖÜÆÚ±ä¾àÊµÑéÊý¾Ý\Ô­Ê¼Í¼ÏñÊý¾Ý\²É¼¯Í¼Æ¬Êý¾Ý_600_6_05\600_6_05_184.bmp 450.313 258.375 10.0623 00
F:\Exp\4×é²»Í¬ÖÜÆÚ±ä¾àÊµÑéÊý¾Ý\Ô­Ê¼Í¼ÏñÊý¾Ý\²É¼¯Í¼Æ¬Êý¾Ý_600_6_05\600_6_05_185.bmp 480.188 259.375 10.0525 00
F:\Exp\4×é²»Í¬ÖÜÆÚ±ä¾àÊµÑéÊý¾Ý\Ô­Ê¼Í¼ÏñÊý¾Ý\²É¼¯Í¼Æ¬Êý¾Ý_600_6_05\600_6_05_186.bmp 480.188 259.375 10.0525 00
F:\Exp\4×é²»Í¬ÖÜÆÚ±ä¾àÊµÑéÊý¾Ý\Ô­Ê¼Í¼ÏñÊý¾Ý\²É¼¯Í¼Æ¬Êý¾Ý_600_6_05\600_6_05_187.bmp 462.313 256.375 10.0623 00
F:\Exp\4×é²»Í¬ÖÜÆÚ±ä¾àÊµÑéÊý¾Ý\Ô­Ê¼Í¼ÏñÊý¾Ý\²É¼¯Í¼Æ¬Êý¾Ý_600_6_05\600_6_05_188.bmp 462.313 256.375 10.0623 00
F:\Exp\4×é²»Í¬ÖÜÆÚ±ä¾àÊµÑéÊý¾Ý\Ô­Ê¼Í¼ÏñÊý¾Ý\²É¼¯Í¼Æ¬Êý¾Ý_600_6_05\600_6_05_189.bmp 484.313 257.375 10.0623 00
F:\Exp\4×é²»Í¬ÖÜÆÚ±ä¾àÊµÑéÊý¾Ý\Ô­Ê¼Í¼ÏñÊý¾Ý\²É¼¯Í¼Æ¬Êý¾Ý_600_6_05\600_6_05_19.bmp 464.313 270.375 10.0623 00
F:\Exp\4×é²»Í¬ÖÜÆÚ±ä¾àÊµÑéÊý¾Ý\Ô­Ê¼Í¼ÏñÊý¾Ý\²É¼¯Í¼Æ¬Êý¾Ý_600_6_05\600_6_05_190.bmp 484.313 257.375 10.0623 00
F:\Exp\4×é²»Í¬ÖÜÆÚ±ä¾àÊµÑéÊý¾Ý\Ô­Ê¼Í¼ÏñÊý¾Ý\²É¼¯Í¼Æ¬Êý¾Ý_600_6_05\600_6_05_191.bmp 464.839 257.75 10.0154 00
F:\Exp\4×é²»Í¬ÖÜÆÚ±ä¾àÊµÑéÊý¾Ý\Ô­Ê¼Í¼ÏñÊý¾Ý\²É¼¯Í¼Æ¬Êý¾Ý_600_6_05\600_6_05_192.bmp 464.839 257.75 10.0154 00
F:\Exp\4×é²»Í¬ÖÜÆÚ±ä¾àÊµÑéÊý¾Ý\Ô­Ê¼Í¼ÏñÊý¾Ý\²É¼¯Í¼Æ¬Êý¾Ý_600_6_05\600_6_05_193.bmp 486.232 260.75 9.88894 00
F:\Exp\4×é²»Í¬ÖÜÆÚ±ä¾àÊµÑéÊý¾Ý\Ô­Ê¼Í¼ÏñÊý¾Ý\²É¼¯Í¼Æ¬Êý¾Ý_600_6_05\600_6_05_194.bmp 486.232 260.75 9.88894 00
F:\Exp\4×é²»Í¬ÖÜÆÚ±ä¾àÊµÑéÊý¾Ý\Ô­Ê¼Í¼ÏñÊý¾Ý\²É¼¯Í¼Æ¬Êý¾Ý_600_6_05\600_6_05_195.bmp 465.732 261.5 9.66842 00
F:\Exp\4×é²»Í¬ÖÜÆÚ±ä¾àÊµÑéÊý¾Ý\Ô­Ê¼Í¼ÏñÊý¾Ý\²É¼¯Í¼Æ¬Êý¾Ý_600_6_05\600_6_05_196.bmp 465.732 261.5 9.66842 00
F:\Exp\4×é²»Í¬ÖÜÆÚ±ä¾àÊµÑéÊý¾Ý\Ô­Ê¼Í¼ÏñÊý¾Ý\²É¼¯Í¼Æ¬Êý¾Ý_600_6_05\600_6_05_197.bmp 484.313 263.375 10.0623 00
F:\Exp\4×é²»Í¬ÖÜÆÚ±ä¾àÊµÑéÊý¾Ý\Ô­Ê¼Í¼ÏñÊý¾Ý\²É¼¯Í¼Æ¬Êý¾Ý_600_6_05\600_6_05_198.bmp 484.313 263.375 10.0623 00
F:\Exp\4×é²»Í¬ÖÜÆÚ±ä¾àÊµÑéÊý¾Ý\Ô­Ê¼Í¼ÏñÊý¾Ý\²É¼¯Í¼Æ¬Êý¾Ý_600_6_05\600_6_05_199.bmp 462.839 264.5 9.67667 00
F:\Exp\4×é²»Í¬ÖÜÆÚ±ä¾àÊµÑéÊý¾Ý\Ô­Ê¼Í¼ÏñÊý¾Ý\²É¼¯Í¼Æ¬Êý¾Ý_600_6_05\600_6_05_2.bmp 488.232 265.75 9.88894 00
F:\Exp\4×é²»Í¬ÖÜÆÚ±ä¾àÊµÑéÊý¾Ý\Ô­Ê¼Í¼ÏñÊý¾Ý\²É¼¯Í¼Æ¬Êý¾Ý_600_6_05\600_6_05_20.bmp 464.313 270.375 10.0623 00
F:\Exp\4×é²»Í¬ÖÜÆÚ±ä¾àÊµÑéÊý¾Ý\Ô­Ê¼Í¼ÏñÊý¾Ý\²É¼¯Í¼Æ¬Êý¾Ý_600_6_05\600_6_05_200.bmp 462.839 264.5 9.67667 00
F:\Exp\4×é²»Í¬ÖÜÆÚ±ä¾àÊµÑéÊý¾Ý\Ô­Ê¼Í¼ÏñÊý¾Ý\²É¼¯Í¼Æ¬Êý¾Ý_600_6_05\600_6_05_201.bmp 480.188 268.125 9.71831 00
F:\Exp\4×é²»Í¬ÖÜÆÚ±ä¾àÊµÑéÊý¾Ý\Ô­Ê¼Í¼ÏñÊý¾Ý\²É¼¯Í¼Æ¬Êý¾Ý_600_6_05\600_6_05_202.bmp 480.188 268.125 9.71831 00
F:\Exp\4×é²»Í¬ÖÜÆÚ±ä¾àÊµÑéÊý¾Ý\Ô­Ê¼Í¼ÏñÊý¾Ý\²É¼¯Í¼Æ¬Êý¾Ý_600_6_05\600_6_05_203.bmp 460.813 267.125 9.84401 00
F:\Exp\4×é²»Í¬ÖÜÆÚ±ä¾àÊµÑéÊý¾Ý\Ô­Ê¼Í¼ÏñÊý¾Ý\²É¼¯Í¼Æ¬Êý¾Ý_600_6_05\600_6_05_204.bmp 460.813 267.125 9.84401 00
F:\Exp\4×é²»Í¬ÖÜÆÚ±ä¾àÊµÑéÊý¾Ý\Ô­Ê¼Í¼ÏñÊý¾Ý\²É¼¯Í¼Æ¬Êý¾Ý_600_6_05\600_6_05_205.bmp 480.188 268.125 9.71831 00
F:\Exp\4×é²»Í¬ÖÜÆÚ±ä¾àÊµÑéÊý¾Ý\Ô­Ê¼Í¼ÏñÊý¾Ý\²É¼¯Í¼Æ¬Êý¾Ý_600_6_05\600_6_05_206.bmp 480.188 268.125 9.71831 00
F:\Exp\4×é²»Í¬ÖÜÆÚ±ä¾àÊµÑéÊý¾Ý\Ô­Ê¼Í¼ÏñÊý¾Ý\²É¼¯Í¼Æ¬Êý¾Ý_600_6_05\600_6_05_207.bmp 465.188 265.375 10.0525 00
F:\Exp\4×é²»Í¬ÖÜÆÚ±ä¾àÊµÑéÊý¾Ý\Ô­Ê¼Í¼ÏñÊý¾Ý\²É¼¯Í¼Æ¬Êý¾Ý_600_6_05\600_6_05_208.bmp 465.188 265.375 10.0525 00
F:\Exp\4×é²»Í¬ÖÜÆÚ±ä¾àÊµÑéÊý¾Ý\Ô­Ê¼Í¼ÏñÊý¾Ý\²É¼¯Í¼Æ¬Êý¾Ý_600_6_05\600_6_05_209.bmp 482.275 265.75 9.89227 00
F:\Exp\4×é²»Í¬ÖÜÆÚ±ä¾àÊµÑéÊý¾Ý\Ô­Ê¼Í¼ÏñÊý¾Ý\²É¼¯Í¼Æ¬Êý¾Ý_600_6_05\600_6_05_21.bmp 482.063 272.125 9.70877 00
F:\Exp\4×é²»Í¬ÖÜÆÚ±ä¾àÊµÑéÊý¾Ý\Ô­Ê¼Í¼ÏñÊý¾Ý\²É¼¯Í¼Æ¬Êý¾Ý_600_6_05\600_6_05_210.bmp 482.275 265.75 9.89227 00
F:\Exp\4×é²»Í¬ÖÜÆÚ±ä¾àÊµÑéÊý¾Ý\Ô­Ê¼Í¼ÏñÊý¾Ý\²É¼¯Í¼Æ¬Êý¾Ý_600_6_05\600_6_05_211.bmp 468.232 262.75 9.88894 00
F:\Exp\4×é²»Í¬ÖÜÆÚ±ä¾àÊµÑéÊý¾Ý\Ô­Ê¼Í¼ÏñÊý¾Ý\²É¼¯Í¼Æ¬Êý¾Ý_600_6_05\600_6_05_212.bmp 468.232 262.75 9.88894 00
F:\Exp\4×é²»Í¬ÖÜÆÚ±ä¾àÊµÑéÊý¾Ý\Ô­Ê¼Í¼ÏñÊý¾Ý\²É¼¯Í¼Æ¬Êý¾Ý_600_6_05\600_6_05_213.bmp 486.188 263.375 10.0525 00
F:\Exp\4×é²»Í¬ÖÜÆÚ±ä¾àÊµÑéÊý¾Ý\Ô­Ê¼Í¼ÏñÊý¾Ý\²É¼¯Í¼Æ¬Êý¾Ý_600_6_05\600_6_05_214.bmp 486.188 263.375 10.0525 00
F:\Exp\4×é²»Í¬ÖÜÆÚ±ä¾àÊµÑéÊý¾Ý\Ô­Ê¼Í¼ÏñÊý¾Ý\²É¼¯Í¼Æ¬Êý¾Ý_600_6_05\600_6_05_215.bmp 471 261.75 10.0282 00
F:\Exp\4×é²»Í¬ÖÜÆÚ±ä¾àÊµÑéÊý¾Ý\Ô­Ê¼Í¼ÏñÊý¾Ý\²É¼¯Í¼Æ¬Êý¾Ý_600_6_05\600_6_05_216.bmp 471 261.75 10.0282 00
F:\Exp\4×é²»Í¬ÖÜÆÚ±ä¾àÊµÑéÊý¾Ý\Ô­Ê¼Í¼ÏñÊý¾Ý\²É¼¯Í¼Æ¬Êý¾Ý_600_6_05\600_6_05_217.bmp 488.313 260.25 9.89519 00
F:\Exp\4×é²»Í¬ÖÜÆÚ±ä¾àÊµÑéÊý¾Ý\Ô­Ê¼Í¼ÏñÊý¾Ý\²É¼¯Í¼Æ¬Êý¾Ý_600_6_05\600_6_05_218.bmp 488.313 260.25 9.89519 00
F:\Exp\4×é²»Í¬ÖÜÆÚ±ä¾àÊµÑéÊý¾Ý\Ô­Ê¼Í¼ÏñÊý¾Ý\²É¼¯Í¼Æ¬Êý¾Ý_600_6_05\600_6_05_219.bmp 474.188 259.375 10.0525 00
F:\Exp\4×é²»Í¬ÖÜÆÚ±ä¾àÊµÑéÊý¾Ý\Ô­Ê¼Í¼ÏñÊý¾Ý\²É¼¯Í¼Æ¬Êý¾Ý_600_6_05\600_6_05_22.bmp 482.063 272.125 9.70877 00
F:\Exp\4×é²»Í¬ÖÜÆÚ±ä¾àÊµÑéÊý¾Ý\Ô­Ê¼Í¼ÏñÊý¾Ý\²É¼¯Í¼Æ¬Êý¾Ý_600_6_05\600_6_05_220.bmp 474.188 259.375 10.0525 00
F:\Exp\4×é²»Í¬ÖÜÆÚ±ä¾àÊµÑéÊý¾Ý\Ô­Ê¼Í¼ÏñÊý¾Ý\²É¼¯Í¼Æ¬Êý¾Ý_600_6_05\600_6_05_221.bmp 471.188 259.25 9.88547 00
F:\Exp\4×é²»Í¬ÖÜÆÚ±ä¾àÊµÑéÊý¾Ý\Ô­Ê¼Í¼ÏñÊý¾Ý\²É¼¯Í¼Æ¬Êý¾Ý_600_6_05\600_6_05_222.bmp 471.188 259.25 9.88547 00
F:\Exp\4×é²»Í¬ÖÜÆÚ±ä¾àÊµÑéÊý¾Ý\Ô­Ê¼Í¼ÏñÊý¾Ý\²É¼¯Í¼Æ¬Êý¾Ý_600_6_05\600_6_05_223.bmp 466.275 260.75 9.89227 00
F:\Exp\4×é²»Í¬ÖÜÆÚ±ä¾àÊµÑéÊý¾Ý\Ô­Ê¼Í¼ÏñÊý¾Ý\²É¼¯Í¼Æ¬Êý¾Ý_600_6_05\600_6_05_224.bmp 466.275 260.75 9.89227 00
F:\Exp\4×é²»Í¬ÖÜÆÚ±ä¾àÊµÑéÊý¾Ý\Ô­Ê¼Í¼ÏñÊý¾Ý\²É¼¯Í¼Æ¬Êý¾Ý_600_6_05\600_6_05_225.bmp 485.839 261.75 10.0154 00
F:\Exp\4×é²»Í¬ÖÜÆÚ±ä¾àÊµÑéÊý¾Ý\Ô­Ê¼Í¼ÏñÊý¾Ý\²É¼¯Í¼Æ¬Êý¾Ý_600_6_05\600_6_05_226.bmp 485.839 261.75 10.0154 00
F:\Exp\4×é²»Í¬ÖÜÆÚ±ä¾àÊµÑéÊý¾Ý\Ô­Ê¼Í¼ÏñÊý¾Ý\²É¼¯Í¼Æ¬Êý¾Ý_600_6_05\600_6_05_227.bmp 468.313 262.375 10.0623 00
F:\Exp\4×é²»Í¬ÖÜÆÚ±ä¾àÊµÑéÊý¾Ý\Ô­Ê¼Í¼ÏñÊý¾Ý\²É¼¯Í¼Æ¬Êý¾Ý_600_6_05\600_6_05_228.bmp 468.313 262.375 10.0623 00
F:\Exp\4×é²»Í¬ÖÜÆÚ±ä¾àÊµÑéÊý¾Ý\Ô­Ê¼Í¼ÏñÊý¾Ý\²É¼¯Í¼Æ¬Êý¾Ý_600_6_05\600_6_05_229.bmp 484.313 262.375 10.0623 00
F:\Exp\4×é²»Í¬ÖÜÆÚ±ä¾àÊµÑéÊý¾Ý\Ô­Ê¼Í¼ÏñÊý¾Ý\²É¼¯Í¼Æ¬Êý¾Ý_600_6_05\600_6_05_23.bmp 463.188 271.25 9.88547 00
F:\Exp\4×é²»Í¬ÖÜÆÚ±ä¾àÊµÑéÊý¾Ý\Ô­Ê¼Í¼ÏñÊý¾Ý\²É¼¯Í¼Æ¬Êý¾Ý_600_6_05\600_6_05_230.bmp 484.313 262.375 10.0623 00
F:\Exp\4×é²»Í¬ÖÜÆÚ±ä¾àÊµÑéÊý¾Ý\Ô­Ê¼Í¼ÏñÊý¾Ý\²É¼¯Í¼Æ¬Êý¾Ý_600_6_05\600_6_05_231.bmp 469.313 260.5 10.2293 00
F:\Exp\4×é²»Í¬ÖÜÆÚ±ä¾àÊµÑéÊý¾Ý\Ô­Ê¼Í¼ÏñÊý¾Ý\²É¼¯Í¼Æ¬Êý¾Ý_600_6_05\600_6_05_232.bmp 469.313 260.5 10.2293 00
F:\Exp\4×é²»Í¬ÖÜÆÚ±ä¾àÊµÑéÊý¾Ý\Ô­Ê¼Í¼ÏñÊý¾Ý\²É¼¯Í¼Æ¬Êý¾Ý_600_6_05\600_6_05_233.bmp 486.313 259.375 10.0623 00
F:\Exp\4×é²»Í¬ÖÜÆÚ±ä¾àÊµÑéÊý¾Ý\Ô­Ê¼Í¼ÏñÊý¾Ý\²É¼¯Í¼Æ¬Êý¾Ý_600_6_05\600_6_05_234.bmp 486.313 259.375 10.0623 00
F:\Exp\4×é²»Í¬ÖÜÆÚ±ä¾àÊµÑéÊý¾Ý\Ô­Ê¼Í¼ÏñÊý¾Ý\²É¼¯Í¼Æ¬Êý¾Ý_600_6_05\600_6_05_235.bmp 474.313 258.375 10.0623 00
F:\Exp\4×é²»Í¬ÖÜÆÚ±ä¾àÊµÑéÊý¾Ý\Ô­Ê¼Í¼ÏñÊý¾Ý\²É¼¯Í¼Æ¬Êý¾Ý_600_6_05\600_6_05_236.bmp 474.313 258.375 10.0623 00
F:\Exp\4×é²»Í¬ÖÜÆÚ±ä¾àÊµÑéÊý¾Ý\Ô­Ê¼Í¼ÏñÊý¾Ý\²É¼¯Í¼Æ¬Êý¾Ý_600_6_05\600_6_05_237.bmp 468.393 258 10.2358 00
F:\Exp\4×é²»Í¬ÖÜÆÚ±ä¾àÊµÑéÊý¾Ý\Ô­Ê¼Í¼ÏñÊý¾Ý\²É¼¯Í¼Æ¬Êý¾Ý_600_6_05\600_6_05_238.bmp 468.393 258 10.2358 00
F:\Exp\4×é²»Í¬ÖÜÆÚ±ä¾àÊµÑéÊý¾Ý\Ô­Ê¼Í¼ÏñÊý¾Ý\²É¼¯Í¼Æ¬Êý¾Ý_600_6_05\600_6_05_239.bmp 486.313 259.375 10.0623 00
F:\Exp\4×é²»Í¬ÖÜÆÚ±ä¾àÊµÑéÊý¾Ý\Ô­Ê¼Í¼ÏñÊý¾Ý\²É¼¯Í¼Æ¬Êý¾Ý_600_6_05\600_6_05_24.bmp 463.188 271.25 9.88547 00
F:\Exp\4×é²»Í¬ÖÜÆÚ±ä¾àÊµÑéÊý¾Ý\Ô­Ê¼Í¼ÏñÊý¾Ý\²É¼¯Í¼Æ¬Êý¾Ý_600_6_05\600_6_05_240.bmp 486.313 259.375 10.0623 00
F:\Exp\4×é²»Í¬ÖÜÆÚ±ä¾àÊµÑéÊý¾Ý\Ô­Ê¼Í¼ÏñÊý¾Ý\²É¼¯Í¼Æ¬Êý¾Ý_600_6_05\600_6_05_241.bmp 470.938 258.375 10.1924 00
F:\Exp\4×é²»Í¬ÖÜÆÚ±ä¾àÊµÑéÊý¾Ý\Ô­Ê¼Í¼ÏñÊý¾Ý\²É¼¯Í¼Æ¬Êý¾Ý_600_6_05\600_6_05_242.bmp 470.938 258.375 10.1924 00
F:\Exp\4×é²»Í¬ÖÜÆÚ±ä¾àÊµÑéÊý¾Ý\Ô­Ê¼Í¼ÏñÊý¾Ý\²É¼¯Í¼Æ¬Êý¾Ý_600_6_05\600_6_05_243.bmp 490.188 257.375 10.0525 00
F:\Exp\4×é²»Í¬ÖÜÆÚ±ä¾àÊµÑéÊý¾Ý\Ô­Ê¼Í¼ÏñÊý¾Ý\²É¼¯Í¼Æ¬Êý¾Ý_600_6_05\600_6_05_244.bmp 490.188 257.375 10.0525 00
F:\Exp\4×é²»Í¬ÖÜÆÚ±ä¾àÊµÑéÊý¾Ý\Ô­Ê¼Í¼ÏñÊý¾Ý\²É¼¯Í¼Æ¬Êý¾Ý_600_6_05\600_6_05_245.bmp 474.313 257.375 10.0623 00
F:\Exp\4×é²»Í¬ÖÜÆÚ±ä¾àÊµÑéÊý¾Ý\Ô­Ê¼Í¼ÏñÊý¾Ý\²É¼¯Í¼Æ¬Êý¾Ý_600_6_05\600_6_05_246.bmp 474.313 257.375 10.0623 00
F:\Exp\4×é²»Í¬ÖÜÆÚ±ä¾àÊµÑéÊý¾Ý\Ô­Ê¼Í¼ÏñÊý¾Ý\²É¼¯Í¼Æ¬Êý¾Ý_600_6_05\600_6_05_247.bmp 472.275 257.75 9.89227 00
F:\Exp\4×é²»Í¬ÖÜÆÚ±ä¾àÊµÑéÊý¾Ý\Ô­Ê¼Í¼ÏñÊý¾Ý\²É¼¯Í¼Æ¬Êý¾Ý_600_6_05\600_6_05_248.bmp 472.275 257.75 9.89227 00
F:\Exp\4×é²»Í¬ÖÜÆÚ±ä¾àÊµÑéÊý¾Ý\Ô­Ê¼Í¼ÏñÊý¾Ý\²É¼¯Í¼Æ¬Êý¾Ý_600_6_05\600_6_05_249.bmp 488.313 256.375 10.0623 00
F:\Exp\4×é²»Í¬ÖÜÆÚ±ä¾àÊµÑéÊý¾Ý\Ô­Ê¼Í¼ÏñÊý¾Ý\²É¼¯Í¼Æ¬Êý¾Ý_600_6_05\600_6_05_25.bmp 482.313 274.5 10.2293 00
F:\Exp\4×é²»Í¬ÖÜÆÚ±ä¾àÊµÑéÊý¾Ý\Ô­Ê¼Í¼ÏñÊý¾Ý\²É¼¯Í¼Æ¬Êý¾Ý_600_6_05\600_6_05_250.bmp 488.313 256.375 10.0623 00
F:\Exp\4×é²»Í¬ÖÜÆÚ±ä¾àÊµÑéÊý¾Ý\Ô­Ê¼Í¼ÏñÊý¾Ý\²É¼¯Í¼Æ¬Êý¾Ý_600_6_05\600_6_05_251.bmp 476.275 255 10.2263 00
F:\Exp\4×é²»Í¬ÖÜÆÚ±ä¾àÊµÑéÊý¾Ý\Ô­Ê¼Í¼ÏñÊý¾Ý\²É¼¯Í¼Æ¬Êý¾Ý_600_6_05\600_6_05_252.bmp 476.275 255 10.2263 00
F:\Exp\4×é²»Í¬ÖÜÆÚ±ä¾àÊµÑéÊý¾Ý\Ô­Ê¼Í¼ÏñÊý¾Ý\²É¼¯Í¼Æ¬Êý¾Ý_600_6_05\600_6_05_253.bmp 474.313 254.375 10.0623 00
F:\Exp\4×é²»Í¬ÖÜÆÚ±ä¾àÊµÑéÊý¾Ý\Ô­Ê¼Í¼ÏñÊý¾Ý\²É¼¯Í¼Æ¬Êý¾Ý_600_6_05\600_6_05_254.bmp 474.313 254.375 10.0623 00
F:\Exp\4×é²»Í¬ÖÜÆÚ±ä¾àÊµÑéÊý¾Ý\Ô­Ê¼Í¼ÏñÊý¾Ý\²É¼¯Í¼Æ¬Êý¾Ý_600_6_05\600_6_05_255.bmp 492.313 254.375 10.0623 00
F:\Exp\4×é²»Í¬ÖÜÆÚ±ä¾àÊµÑéÊý¾Ý\Ô­Ê¼Í¼ÏñÊý¾Ý\²É¼¯Í¼Æ¬Êý¾Ý_600_6_05\600_6_05_256.bmp 492.313 254.375 10.0623 00
F:\Exp\4×é²»Í¬ÖÜÆÚ±ä¾àÊµÑéÊý¾Ý\Ô­Ê¼Í¼ÏñÊý¾Ý\²É¼¯Í¼Æ¬Êý¾Ý_600_6_05\600_6_05_257.bmp 478.393 253 10.2358 00
F:\Exp\4×é²»Í¬ÖÜÆÚ±ä¾àÊµÑéÊý¾Ý\Ô­Ê¼Í¼ÏñÊý¾Ý\²É¼¯Í¼Æ¬Êý¾Ý_600_6_05\600_6_05_258.bmp 478.393 253 10.2358 00
F:\Exp\4×é²»Í¬ÖÜÆÚ±ä¾àÊµÑéÊý¾Ý\Ô­Ê¼Í¼ÏñÊý¾Ý\²É¼¯Í¼Æ¬Êý¾Ý_600_6_05\600_6_05_259.bmp 474.188 253.375 10.0525 00
F:\Exp\4×é²»Í¬ÖÜÆÚ±ä¾àÊµÑéÊý¾Ý\Ô­Ê¼Í¼ÏñÊý¾Ý\²É¼¯Í¼Æ¬Êý¾Ý_600_6_05\600_6_05_26.bmp 482.313 274.5 10.2293 00
F:\Exp\4×é²»Í¬ÖÜÆÚ±ä¾àÊµÑéÊý¾Ý\Ô­Ê¼Í¼ÏñÊý¾Ý\²É¼¯Í¼Æ¬Êý¾Ý_600_6_05\600_6_05_260.bmp 474.188 253.375 10.0525 00
F:\Exp\4×é²»Í¬ÖÜÆÚ±ä¾àÊµÑéÊý¾Ý\Ô­Ê¼Í¼ÏñÊý¾Ý\²É¼¯Í¼Æ¬Êý¾Ý_600_6_05\600_6_05_261.bmp 470.313 252.375 10.0623 00
F:\Exp\4×é²»Í¬ÖÜÆÚ±ä¾àÊµÑéÊý¾Ý\Ô­Ê¼Í¼ÏñÊý¾Ý\²É¼¯Í¼Æ¬Êý¾Ý_600_6_05\600_6_05_262.bmp 470.313 252.375 10.0623 00
F:\Exp\4×é²»Í¬ÖÜÆÚ±ä¾àÊµÑéÊý¾Ý\Ô­Ê¼Í¼ÏñÊý¾Ý\²É¼¯Í¼Æ¬Êý¾Ý_600_6_05\600_6_05_263.bmp 489.938 252.375 10.1924 00
F:\Exp\4×é²»Í¬ÖÜÆÚ±ä¾àÊµÑéÊý¾Ý\Ô­Ê¼Í¼ÏñÊý¾Ý\²É¼¯Í¼Æ¬Êý¾Ý_600_6_05\600_6_05_264.bmp 489.938 252.375 10.1924 00
F:\Exp\4×é²»Í¬ÖÜÆÚ±ä¾àÊµÑéÊý¾Ý\Ô­Ê¼Í¼ÏñÊý¾Ý\²É¼¯Í¼Æ¬Êý¾Ý_600_6_05\600_6_05_265.bmp 473.938 252.375 10.1924 00
F:\Exp\4×é²»Í¬ÖÜÆÚ±ä¾àÊµÑéÊý¾Ý\Ô­Ê¼Í¼ÏñÊý¾Ý\²É¼¯Í¼Æ¬Êý¾Ý_600_6_05\600_6_05_266.bmp 473.938 252.375 10.1924 00
F:\Exp\4×é²»Í¬ÖÜÆÚ±ä¾àÊµÑéÊý¾Ý\Ô­Ê¼Í¼ÏñÊý¾Ý\²É¼¯Í¼Æ¬Êý¾Ý_600_6_05\600_6_05_267.bmp 469.188 253.375 10.0525 00
F:\Exp\4×é²»Í¬ÖÜÆÚ±ä¾àÊµÑéÊý¾Ý\Ô­Ê¼Í¼ÏñÊý¾Ý\²É¼¯Í¼Æ¬Êý¾Ý_600_6_05\600_6_05_268.bmp 469.188 253.375 10.0525 00
F:\Exp\4×é²»Í¬ÖÜÆÚ±ä¾àÊµÑéÊý¾Ý\Ô­Ê¼Í¼ÏñÊý¾Ý\²É¼¯Í¼Æ¬Êý¾Ý_600_6_05\600_6_05_269.bmp 464.839 254.875 10.1845 00
F:\Exp\4×é²»Í¬ÖÜÆÚ±ä¾àÊµÑéÊý¾Ý\Ô­Ê¼Í¼ÏñÊý¾Ý\²É¼¯Í¼Æ¬Êý¾Ý_600_6_05\600_6_05_27.bmp 462.938 275.125 9.85382 00
F:\Exp\4×é²»Í¬ÖÜÆÚ±ä¾àÊµÑéÊý¾Ý\Ô­Ê¼Í¼ÏñÊý¾Ý\²É¼¯Í¼Æ¬Êý¾Ý_600_6_05\600_6_05_270.bmp 464.839 254.875 10.1845 00
F:\Exp\4×é²»Í¬ÖÜÆÚ±ä¾àÊµÑéÊý¾Ý\Ô­Ê¼Í¼ÏñÊý¾Ý\²É¼¯Í¼Æ¬Êý¾Ý_600_6_05\600_6_05_271.bmp 482.313 256.5 10.2293 00
F:\Exp\4×é²»Í¬ÖÜÆÚ±ä¾àÊµÑéÊý¾Ý\Ô­Ê¼Í¼ÏñÊý¾Ý\²É¼¯Í¼Æ¬Êý¾Ý_600_6_05\600_6_05_272.bmp 482.313 256.5 10.2293 00
F:\Exp\4×é²»Í¬ÖÜÆÚ±ä¾àÊµÑéÊý¾Ý\Ô­Ê¼Í¼ÏñÊý¾Ý\²É¼¯Í¼Æ¬Êý¾Ý_600_6_05\600_6_05_273.bmp 466.313 256.5 10.2293 00
F:\Exp\4×é²»Í¬ÖÜÆÚ±ä¾àÊµÑéÊý¾Ý\Ô­Ê¼Í¼ÏñÊý¾Ý\²É¼¯Í¼Æ¬Êý¾Ý_600_6_05\600_6_05_274.bmp 466.313 256.5 10.2293 00
F:\Exp\4×é²»Í¬ÖÜÆÚ±ä¾àÊµÑéÊý¾Ý\Ô­Ê¼Í¼ÏñÊý¾Ý\²É¼¯Í¼Æ¬Êý¾Ý_600_6_05\600_6_05_275.bmp 484.188 257.375 10.0525 00
F:\Exp\4×é²»Í¬ÖÜÆÚ±ä¾àÊµÑéÊý¾Ý\Ô­Ê¼Í¼ÏñÊý¾Ý\²É¼¯Í¼Æ¬Êý¾Ý_600_6_05\600_6_05_276.bmp 484.188 257.375 10.0525 00
F:\Exp\4×é²»Í¬ÖÜÆÚ±ä¾àÊµÑéÊý¾Ý\Ô­Ê¼Í¼ÏñÊý¾Ý\²É¼¯Í¼Æ¬Êý¾Ý_600_6_05\600_6_05_277.bmp 469.313 256.5 10.2293 00
F:\Exp\4×é²»Í¬ÖÜÆÚ±ä¾àÊµÑéÊý¾Ý\Ô­Ê¼Í¼ÏñÊý¾Ý\²É¼¯Í¼Æ¬Êý¾Ý_600_6_05\600_6_05_278.bmp 469.313 256.5 10.2293 00
F:\Exp\4×é²»Í¬ÖÜÆÚ±ä¾àÊµÑéÊý¾Ý\Ô­Ê¼Í¼ÏñÊý¾Ý\²É¼¯Í¼Æ¬Êý¾Ý_600_6_05\600_6_05_279.bmp 484.313 256.375 10.0623 00
F:\Exp\4×é²»Í¬ÖÜÆÚ±ä¾àÊµÑéÊý¾Ý\Ô­Ê¼Í¼ÏñÊý¾Ý\²É¼¯Í¼Æ¬Êý¾Ý_600_6_05\600_6_05_28.bmp 462.938 275.125 9.85382 00
F:\Exp\4×é²»Í¬ÖÜÆÚ±ä¾àÊµÑéÊý¾Ý\Ô­Ê¼Í¼ÏñÊý¾Ý\²É¼¯Í¼Æ¬Êý¾Ý_600_6_05\600_6_05_280.bmp 484.313 256.375 10.0623 00
F:\Exp\4×é²»Í¬ÖÜÆÚ±ä¾àÊµÑéÊý¾Ý\Ô­Ê¼Í¼ÏñÊý¾Ý\²É¼¯Í¼Æ¬Êý¾Ý_600_6_05\600_6_05_281.bmp 470.393 254 10.2358 00
F:\Exp\4×é²»Í¬ÖÜÆÚ±ä¾àÊµÑéÊý¾Ý\Ô­Ê¼Í¼ÏñÊý¾Ý\²É¼¯Í¼Æ¬Êý¾Ý_600_6_05\600_6_05_282.bmp 470.393 254 10.2358 00
F:\Exp\4×é²»Í¬ÖÜÆÚ±ä¾àÊµÑéÊý¾Ý\Ô­Ê¼Í¼ÏñÊý¾Ý\²É¼¯Í¼Æ¬Êý¾Ý_600_6_05\600_6_05_283.bmp 486 253.75 10.0282 00
F:\Exp\4×é²»Í¬ÖÜÆÚ±ä¾àÊµÑéÊý¾Ý\Ô­Ê¼Í¼ÏñÊý¾Ý\²É¼¯Í¼Æ¬Êý¾Ý_600_6_05\600_6_05_284.bmp 486 253.75 10.0282 00
F:\Exp\4×é²»Í¬ÖÜÆÚ±ä¾àÊµÑéÊý¾Ý\Ô­Ê¼Í¼ÏñÊý¾Ý\²É¼¯Í¼Æ¬Êý¾Ý_600_6_05\600_6_05_285.bmp 470.839 253.75 10.0154 00
F:\Exp\4×é²»Í¬ÖÜÆÚ±ä¾àÊµÑéÊý¾Ý\Ô­Ê¼Í¼ÏñÊý¾Ý\²É¼¯Í¼Æ¬Êý¾Ý_600_6_05\600_6_05_286.bmp 470.839 253.75 10.0154 00
F:\Exp\4×é²»Í¬ÖÜÆÚ±ä¾àÊµÑéÊý¾Ý\Ô­Ê¼Í¼ÏñÊý¾Ý\²É¼¯Í¼Æ¬Êý¾Ý_600_6_05\600_6_05_287.bmp 488.313 254.375 10.0623 00
F:\Exp\4×é²»Í¬ÖÜÆÚ±ä¾àÊµÑéÊý¾Ý\Ô­Ê¼Í¼ÏñÊý¾Ý\²É¼¯Í¼Æ¬Êý¾Ý_600_6_05\600_6_05_288.bmp 488.313 254.375 10.0623 00
F:\Exp\4×é²»Í¬ÖÜÆÚ±ä¾àÊµÑéÊý¾Ý\Ô­Ê¼Í¼ÏñÊý¾Ý\²É¼¯Í¼Æ¬Êý¾Ý_600_6_05\600_6_05_289.bmp 474.813 253.125 9.84401 00
F:\Exp\4×é²»Í¬ÖÜÆÚ±ä¾àÊµÑéÊý¾Ý\Ô­Ê¼Í¼ÏñÊý¾Ý\²É¼¯Í¼Æ¬Êý¾Ý_600_6_05\600_6_05_29.bmp 480.275 273.75 9.89227 00
F:\Exp\4×é²»Í¬ÖÜÆÚ±ä¾àÊµÑéÊý¾Ý\Ô­Ê¼Í¼ÏñÊý¾Ý\²É¼¯Í¼Æ¬Êý¾Ý_600_6_05\600_6_05_290.bmp 474.813 253.125 9.84401 00
F:\Exp\4×é²»Í¬ÖÜÆÚ±ä¾àÊµÑéÊý¾Ý\Ô­Ê¼Í¼ÏñÊý¾Ý\²É¼¯Í¼Æ¬Êý¾Ý_600_6_05\600_6_05_291.bmp 470.313 252.25 9.89519 00
F:\Exp\4×é²»Í¬ÖÜÆÚ±ä¾àÊµÑéÊý¾Ý\Ô­Ê¼Í¼ÏñÊý¾Ý\²É¼¯Í¼Æ¬Êý¾Ý_600_6_05\600_6_05_292.bmp 470.313 252.25 9.89519 00
F:\Exp\4×é²»Í¬ÖÜÆÚ±ä¾àÊµÑéÊý¾Ý\Ô­Ê¼Í¼ÏñÊý¾Ý\²É¼¯Í¼Æ¬Êý¾Ý_600_6_05\600_6_05_293.bmp 490.313 252.375 10.0623 00
F:\Exp\4×é²»Í¬ÖÜÆÚ±ä¾àÊµÑéÊý¾Ý\Ô­Ê¼Í¼ÏñÊý¾Ý\²É¼¯Í¼Æ¬Êý¾Ý_600_6_05\600_6_05_294.bmp 490.313 252.375 10.0623 00
F:\Exp\4×é²»Í¬ÖÜÆÚ±ä¾àÊµÑéÊý¾Ý\Ô­Ê¼Í¼ÏñÊý¾Ý\²É¼¯Í¼Æ¬Êý¾Ý_600_6_05\600_6_05_295.bmp 476.313 251.375 10.0623 00
F:\Exp\4×é²»Í¬ÖÜÆÚ±ä¾àÊµÑéÊý¾Ý\Ô­Ê¼Í¼ÏñÊý¾Ý\²É¼¯Í¼Æ¬Êý¾Ý_600_6_05\600_6_05_296.bmp 476.313 251.375 10.0623 00
F:\Exp\4×é²»Í¬ÖÜÆÚ±ä¾àÊµÑéÊý¾Ý\Ô­Ê¼Í¼ÏñÊý¾Ý\²É¼¯Í¼Æ¬Êý¾Ý_600_6_05\600_6_05_297.bmp 474.813 250.125 9.84401 00
F:\Exp\4×é²»Í¬ÖÜÆÚ±ä¾àÊµÑéÊý¾Ý\Ô­Ê¼Í¼ÏñÊý¾Ý\²É¼¯Í¼Æ¬Êý¾Ý_600_6_05\600_6_05_298.bmp 474.813 250.125 9.84401 00
F:\Exp\4×é²»Í¬ÖÜÆÚ±ä¾àÊµÑéÊý¾Ý\Ô­Ê¼Í¼ÏñÊý¾Ý\²É¼¯Í¼Æ¬Êý¾Ý_600_6_05\600_6_05_299.bmp 472.813 249.125 9.84401 00
F:\Exp\4×é²»Í¬ÖÜÆÚ±ä¾àÊµÑéÊý¾Ý\Ô­Ê¼Í¼ÏñÊý¾Ý\²É¼¯Í¼Æ¬Êý¾Ý_600_6_05\600_6_05_3.bmp 468.188 265.375 10.0525 00
F:\Exp\4×é²»Í¬ÖÜÆÚ±ä¾àÊµÑéÊý¾Ý\Ô­Ê¼Í¼ÏñÊý¾Ý\²É¼¯Í¼Æ¬Êý¾Ý_600_6_05\600_6_05_30.bmp 480.275 273.75 9.89227 00
F:\Exp\4×é²»Í¬ÖÜÆÚ±ä¾àÊµÑéÊý¾Ý\Ô­Ê¼Í¼ÏñÊý¾Ý\²É¼¯Í¼Æ¬Êý¾Ý_600_6_05\600_6_05_300.bmp 472.813 249.125 9.84401 00
F:\Exp\4×é²»Í¬ÖÜÆÚ±ä¾àÊµÑéÊý¾Ý\Ô­Ê¼Í¼ÏñÊý¾Ý\²É¼¯Í¼Æ¬Êý¾Ý_600_6_05\600_6_05_301.bmp 491.313 248.375 10.0623 00
F:\Exp\4×é²»Í¬ÖÜÆÚ±ä¾àÊµÑéÊý¾Ý\Ô­Ê¼Í¼ÏñÊý¾Ý\²É¼¯Í¼Æ¬Êý¾Ý_600_6_05\600_6_05_302.bmp 491.313 248.375 10.0623 00
F:\Exp\4×é²»Í¬ÖÜÆÚ±ä¾àÊµÑéÊý¾Ý\Ô­Ê¼Í¼ÏñÊý¾Ý\²É¼¯Í¼Æ¬Êý¾Ý_600_6_05\600_6_05_303.bmp 478.313 248.375 10.0623 00
F:\Exp\4×é²»Í¬ÖÜÆÚ±ä¾àÊµÑéÊý¾Ý\Ô­Ê¼Í¼ÏñÊý¾Ý\²É¼¯Í¼Æ¬Êý¾Ý_600_6_05\600_6_05_304.bmp 478.313 248.375 10.0623 00
F:\Exp\4×é²»Í¬ÖÜÆÚ±ä¾àÊµÑéÊý¾Ý\Ô­Ê¼Í¼ÏñÊý¾Ý\²É¼¯Í¼Æ¬Êý¾Ý_600_6_05\600_6_05_305.bmp 476.313 248.375 10.0623 00
F:\Exp\4×é²»Í¬ÖÜÆÚ±ä¾àÊµÑéÊý¾Ý\Ô­Ê¼Í¼ÏñÊý¾Ý\²É¼¯Í¼Æ¬Êý¾Ý_600_6_05\600_6_05_306.bmp 476.313 248.375 10.0623 00
F:\Exp\4×é²»Í¬ÖÜÆÚ±ä¾àÊµÑéÊý¾Ý\Ô­Ê¼Í¼ÏñÊý¾Ý\²É¼¯Í¼Æ¬Êý¾Ý_600_6_05\600_6_05_307.bmp 470.275 248.75 9.89227 00
F:\Exp\4×é²»Í¬ÖÜÆÚ±ä¾àÊµÑéÊý¾Ý\Ô­Ê¼Í¼ÏñÊý¾Ý\²É¼¯Í¼Æ¬Êý¾Ý_600_6_05\600_6_05_308.bmp 470.275 248.75 9.89227 00
F:\Exp\4×é²»Í¬ÖÜÆÚ±ä¾àÊµÑéÊý¾Ý\Ô­Ê¼Í¼ÏñÊý¾Ý\²É¼¯Í¼Æ¬Êý¾Ý_600_6_05\600_6_05_309.bmp 466.188 249.125 9.71831 00
F:\Exp\4×é²»Í¬ÖÜÆÚ±ä¾àÊµÑéÊý¾Ý\Ô­Ê¼Í¼ÏñÊý¾Ý\²É¼¯Í¼Æ¬Êý¾Ý_600_6_05\600_6_05_31.bmp 462.938 271.125 9.85382 00
F:\Exp\4×é²»Í¬ÖÜÆÚ±ä¾àÊµÑéÊý¾Ý\Ô­Ê¼Í¼ÏñÊý¾Ý\²É¼¯Í¼Æ¬Êý¾Ý_600_6_05\600_6_05_310.bmp 466.188 249.125 9.71831 00
F:\Exp\4×é²»Í¬ÖÜÆÚ±ä¾àÊµÑéÊý¾Ý\Ô­Ê¼Í¼ÏñÊý¾Ý\²É¼¯Í¼Æ¬Êý¾Ý_600_6_05\600_6_05_311.bmp 484.813 248.125 9.84401 00
F:\Exp\4×é²»Í¬ÖÜÆÚ±ä¾àÊµÑéÊý¾Ý\Ô­Ê¼Í¼ÏñÊý¾Ý\²É¼¯Í¼Æ¬Êý¾Ý_600_6_05\600_6_05_312.bmp 484.813 248.125 9.84401 00
F:\Exp\4×é²»Í¬ÖÜÆÚ±ä¾àÊµÑéÊý¾Ý\Ô­Ê¼Í¼ÏñÊý¾Ý\²É¼¯Í¼Æ¬Êý¾Ý_600_6_05\600_6_05_313.bmp 470.275 246.75 9.89227 00
F:\Exp\4×é²»Í¬ÖÜÆÚ±ä¾àÊµÑéÊý¾Ý\Ô­Ê¼Í¼ÏñÊý¾Ý\²É¼¯Í¼Æ¬Êý¾Ý_600_6_05\600_6_05_314.bmp 470.275 246.75 9.89227 00
F:\Exp\4×é²»Í¬ÖÜÆÚ±ä¾àÊµÑéÊý¾Ý\Ô­Ê¼Í¼ÏñÊý¾Ý\²É¼¯Í¼Æ¬Êý¾Ý_600_6_05\600_6_05_315.bmp 490.188 245.375 10.0525 00
F:\Exp\4×é²»Í¬ÖÜÆÚ±ä¾àÊµÑéÊý¾Ý\Ô­Ê¼Í¼ÏñÊý¾Ý\²É¼¯Í¼Æ¬Êý¾Ý_600_6_05\600_6_05_316.bmp 490.188 245.375 10.0525 00
F:\Exp\4×é²»Í¬ÖÜÆÚ±ä¾àÊµÑéÊý¾Ý\Ô­Ê¼Í¼ÏñÊý¾Ý\²É¼¯Í¼Æ¬Êý¾Ý_600_6_05\600_6_05_317.bmp 478.393 245.875 10.0687 00
F:\Exp\4×é²»Í¬ÖÜÆÚ±ä¾àÊµÑéÊý¾Ý\Ô­Ê¼Í¼ÏñÊý¾Ý\²É¼¯Í¼Æ¬Êý¾Ý_600_6_05\600_6_05_318.bmp 478.393 245.875 10.0687 00
F:\Exp\4×é²»Í¬ÖÜÆÚ±ä¾àÊµÑéÊý¾Ý\Ô­Ê¼Í¼ÏñÊý¾Ý\²É¼¯Í¼Æ¬Êý¾Ý_600_6_05\600_6_05_319.bmp 476.232 246.75 9.88894 00
F:\Exp\4×é²»Í¬ÖÜÆÚ±ä¾àÊµÑéÊý¾Ý\Ô­Ê¼Í¼ÏñÊý¾Ý\²É¼¯Í¼Æ¬Êý¾Ý_600_6_05\600_6_05_32.bmp 462.938 271.125 9.85382 00
F:\Exp\4×é²»Í¬ÖÜÆÚ±ä¾àÊµÑéÊý¾Ý\Ô­Ê¼Í¼ÏñÊý¾Ý\²É¼¯Í¼Æ¬Êý¾Ý_600_6_05\600_6_05_320.bmp 476.232 246.75 9.88894 00
F:\Exp\4×é²»Í¬ÖÜÆÚ±ä¾àÊµÑéÊý¾Ý\Ô­Ê¼Í¼ÏñÊý¾Ý\²É¼¯Í¼Æ¬Êý¾Ý_600_6_05\600_6_05_321.bmp 472.839 245.75 10.0154 00
F:\Exp\4×é²»Í¬ÖÜÆÚ±ä¾àÊµÑéÊý¾Ý\Ô­Ê¼Í¼ÏñÊý¾Ý\²É¼¯Í¼Æ¬Êý¾Ý_600_6_05\600_6_05_322.bmp 472.839 245.75 10.0154 00
F:\Exp\4×é²»Í¬ÖÜÆÚ±ä¾àÊµÑéÊý¾Ý\Ô­Ê¼Í¼ÏñÊý¾Ý\²É¼¯Í¼Æ¬Êý¾Ý_600_6_05\600_6_05_323.bmp 470.188 245.375 10.0525 00
F:\Exp\4×é²»Í¬ÖÜÆÚ±ä¾àÊµÑéÊý¾Ý\Ô­Ê¼Í¼ÏñÊý¾Ý\²É¼¯Í¼Æ¬Êý¾Ý_600_6_05\600_6_05_324.bmp 470.188 245.375 10.0525 00
F:\Exp\4×é²»Í¬ÖÜÆÚ±ä¾àÊµÑéÊý¾Ý\Ô­Ê¼Í¼ÏñÊý¾Ý\²É¼¯Í¼Æ¬Êý¾Ý_600_6_05\600_6_05_325.bmp 487.232 246.75 9.88894 00
F:\Exp\4×é²»Í¬ÖÜÆÚ±ä¾àÊµÑéÊý¾Ý\Ô­Ê¼Í¼ÏñÊý¾Ý\²É¼¯Í¼Æ¬Êý¾Ý_600_6_05\600_6_05_326.bmp 487.232 246.75 9.88894 00
F:\Exp\4×é²»Í¬ÖÜÆÚ±ä¾àÊµÑéÊý¾Ý\Ô­Ê¼Í¼ÏñÊý¾Ý\²É¼¯Í¼Æ¬Êý¾Ý_600_6_05\600_6_05_327.bmp 474.275 246.75 9.89227 00
F:\Exp\4×é²»Í¬ÖÜÆÚ±ä¾àÊµÑéÊý¾Ý\Ô­Ê¼Í¼ÏñÊý¾Ý\²É¼¯Í¼Æ¬Êý¾Ý_600_6_05\600_6_05_328.bmp 474.275 246.75 9.89227 00
F:\Exp\4×é²»Í¬ÖÜÆÚ±ä¾àÊµÑéÊý¾Ý\Ô­Ê¼Í¼ÏñÊý¾Ý\²É¼¯Í¼Æ¬Êý¾Ý_600_6_05\600_6_05_329.bmp 470.188 247.125 9.71831 00
F:\Exp\4×é²»Í¬ÖÜÆÚ±ä¾àÊµÑéÊý¾Ý\Ô­Ê¼Í¼ÏñÊý¾Ý\²É¼¯Í¼Æ¬Êý¾Ý_600_6_05\600_6_05_33.bmp 482.938 272.125 9.85382 00
F:\Exp\4×é²»Í¬ÖÜÆÚ±ä¾àÊµÑéÊý¾Ý\Ô­Ê¼Í¼ÏñÊý¾Ý\²É¼¯Í¼Æ¬Êý¾Ý_600_6_05\600_6_05_330.bmp 470.188 247.125 9.71831 00
F:\Exp\4×é²»Í¬ÖÜÆÚ±ä¾àÊµÑéÊý¾Ý\Ô­Ê¼Í¼ÏñÊý¾Ý\²É¼¯Í¼Æ¬Êý¾Ý_600_6_05\600_6_05_331.bmp 486.188 249.125 9.71831 00
F:\Exp\4×é²»Í¬ÖÜÆÚ±ä¾àÊµÑéÊý¾Ý\Ô­Ê¼Í¼ÏñÊý¾Ý\²É¼¯Í¼Æ¬Êý¾Ý_600_6_05\600_6_05_332.bmp 486.188 249.125 9.71831 00
F:\Exp\4×é²»Í¬ÖÜÆÚ±ä¾àÊµÑéÊý¾Ý\Ô­Ê¼Í¼ÏñÊý¾Ý\²É¼¯Í¼Æ¬Êý¾Ý_600_6_05\600_6_05_333.bmp 472.313 248.375 10.0623 00
F:\Exp\4×é²»Í¬ÖÜÆÚ±ä¾àÊµÑéÊý¾Ý\Ô­Ê¼Í¼ÏñÊý¾Ý\²É¼¯Í¼Æ¬Êý¾Ý_600_6_05\600_6_05_334.bmp 472.313 248.375 10.0623 00
F:\Exp\4×é²»Í¬ÖÜÆÚ±ä¾àÊµÑéÊý¾Ý\Ô­Ê¼Í¼ÏñÊý¾Ý\²É¼¯Í¼Æ¬Êý¾Ý_600_6_05\600_6_05_335.bmp 464.938 249.125 9.85382 00
F:\Exp\4×é²»Í¬ÖÜÆÚ±ä¾àÊµÑéÊý¾Ý\Ô­Ê¼Í¼ÏñÊý¾Ý\²É¼¯Í¼Æ¬Êý¾Ý_600_6_05\600_6_05_336.bmp 464.938 249.125 9.85382 00
F:\Exp\4×é²»Í¬ÖÜÆÚ±ä¾àÊµÑéÊý¾Ý\Ô­Ê¼Í¼ÏñÊý¾Ý\²É¼¯Í¼Æ¬Êý¾Ý_600_6_05\600_6_05_337.bmp 480.313 250.375 10.0623 00
F:\Exp\4×é²»Í¬ÖÜÆÚ±ä¾àÊµÑéÊý¾Ý\Ô­Ê¼Í¼ÏñÊý¾Ý\²É¼¯Í¼Æ¬Êý¾Ý_600_6_05\600_6_05_338.bmp 480.313 250.375 10.0623 00
F:\Exp\4×é²»Í¬ÖÜÆÚ±ä¾àÊµÑéÊý¾Ý\Ô­Ê¼Í¼ÏñÊý¾Ý\²É¼¯Í¼Æ¬Êý¾Ý_600_6_05\600_6_05_339.bmp 465.313 250.375 10.0623 00
F:\Exp\4×é²»Í¬ÖÜÆÚ±ä¾àÊµÑéÊý¾Ý\Ô­Ê¼Í¼ÏñÊý¾Ý\²É¼¯Í¼Æ¬Êý¾Ý_600_6_05\600_6_05_34.bmp 482.938 272.125 9.85382 00
F:\Exp\4×é²»Í¬ÖÜÆÚ±ä¾àÊµÑéÊý¾Ý\Ô­Ê¼Í¼ÏñÊý¾Ý\²É¼¯Í¼Æ¬Êý¾Ý_600_6_05\600_6_05_340.bmp 465.313 250.375 10.0623 00
F:\Exp\4×é²»Í¬ÖÜÆÚ±ä¾àÊµÑéÊý¾Ý\Ô­Ê¼Í¼ÏñÊý¾Ý\²É¼¯Í¼Æ¬Êý¾Ý_600_6_05\600_6_05_341.bmp 480.275 250.75 9.89227 00
F:\Exp\4×é²»Í¬ÖÜÆÚ±ä¾àÊµÑéÊý¾Ý\Ô­Ê¼Í¼ÏñÊý¾Ý\²É¼¯Í¼Æ¬Êý¾Ý_600_6_05\600_6_05_342.bmp 480.275 250.75 9.89227 00
F:\Exp\4×é²»Í¬ÖÜÆÚ±ä¾àÊµÑéÊý¾Ý\Ô­Ê¼Í¼ÏñÊý¾Ý\²É¼¯Í¼Æ¬Êý¾Ý_600_6_05\600_6_05_343.bmp 464.839 249.75 10.0154 00
F:\Exp\4×é²»Í¬ÖÜÆÚ±ä¾àÊµÑéÊý¾Ý\Ô­Ê¼Í¼ÏñÊý¾Ý\²É¼¯Í¼Æ¬Êý¾Ý_600_6_05\600_6_05_344.bmp 464.839 249.75 10.0154 00
F:\Exp\4×é²»Í¬ÖÜÆÚ±ä¾àÊµÑéÊý¾Ý\Ô­Ê¼Í¼ÏñÊý¾Ý\²É¼¯Í¼Æ¬Êý¾Ý_600_6_05\600_6_05_345.bmp 483.188 249.125 9.71831 00
F:\Exp\4×é²»Í¬ÖÜÆÚ±ä¾àÊµÑéÊý¾Ý\Ô­Ê¼Í¼ÏñÊý¾Ý\²É¼¯Í¼Æ¬Êý¾Ý_600_6_05\600_6_05_346.bmp 483.188 249.125 9.71831 00
F:\Exp\4×é²»Í¬ÖÜÆÚ±ä¾àÊµÑéÊý¾Ý\Ô­Ê¼Í¼ÏñÊý¾Ý\²É¼¯Í¼Æ¬Êý¾Ý_600_6_05\600_6_05_347.bmp 468.938 249.125 9.85382 00
F:\Exp\4×é²»Í¬ÖÜÆÚ±ä¾àÊµÑéÊý¾Ý\Ô­Ê¼Í¼ÏñÊý¾Ý\²É¼¯Í¼Æ¬Êý¾Ý_600_6_05\600_6_05_348.bmp 468.938 249.125 9.85382 00
F:\Exp\4×é²»Í¬ÖÜÆÚ±ä¾àÊµÑéÊý¾Ý\Ô­Ê¼Í¼ÏñÊý¾Ý\²É¼¯Í¼Æ¬Êý¾Ý_600_6_05\600_6_05_349.bmp 464.313 249.375 10.0623 00
F:\Exp\4×é²»Í¬ÖÜÆÚ±ä¾àÊµÑéÊý¾Ý\Ô­Ê¼Í¼ÏñÊý¾Ý\²É¼¯Í¼Æ¬Êý¾Ý_600_6_05\600_6_05_35.bmp 465.188 271.375 10.0525 00
F:\Exp\4×é²»Í¬ÖÜÆÚ±ä¾àÊµÑéÊý¾Ý\Ô­Ê¼Í¼ÏñÊý¾Ý\²É¼¯Í¼Æ¬Êý¾Ý_600_6_05\600_6_05_350.bmp 464.313 249.375 10.0623 00
F:\Exp\4×é²»Í¬ÖÜÆÚ±ä¾àÊµÑéÊý¾Ý\Ô­Ê¼Í¼ÏñÊý¾Ý\²É¼¯Í¼Æ¬Êý¾Ý_600_6_05\600_6_05_351.bmp 484.232 250.75 9.88894 00
F:\Exp\4×é²»Í¬ÖÜÆÚ±ä¾àÊµÑéÊý¾Ý\Ô­Ê¼Í¼ÏñÊý¾Ý\²É¼¯Í¼Æ¬Êý¾Ý_600_6_05\600_6_05_352.bmp 484.232 250.75 9.88894 00
F:\Exp\4×é²»Í¬ÖÜÆÚ±ä¾àÊµÑéÊý¾Ý\Ô­Ê¼Í¼ÏñÊý¾Ý\²É¼¯Í¼Æ¬Êý¾Ý_600_6_05\600_6_05_353.bmp 470.925 250.75 10.0222 00
F:\Exp\4×é²»Í¬ÖÜÆÚ±ä¾àÊµÑéÊý¾Ý\Ô­Ê¼Í¼ÏñÊý¾Ý\²É¼¯Í¼Æ¬Êý¾Ý_600_6_05\600_6_05_354.bmp 470.925 250.75 10.0222 00
F:\Exp\4×é²»Í¬ÖÜÆÚ±ä¾àÊµÑéÊý¾Ý\Ô­Ê¼Í¼ÏñÊý¾Ý\²É¼¯Í¼Æ¬Êý¾Ý_600_6_05\600_6_05_355.bmp 469.938 251.375 10.1924 00
F:\Exp\4×é²»Í¬ÖÜÆÚ±ä¾àÊµÑéÊý¾Ý\Ô­Ê¼Í¼ÏñÊý¾Ý\²É¼¯Í¼Æ¬Êý¾Ý_600_6_05\600_6_05_356.bmp 469.938 251.375 10.1924 00
F:\Exp\4×é²»Í¬ÖÜÆÚ±ä¾àÊµÑéÊý¾Ý\Ô­Ê¼Í¼ÏñÊý¾Ý\²É¼¯Í¼Æ¬Êý¾Ý_600_6_05\600_6_05_357.bmp 468.313 251.375 10.0623 00
F:\Exp\4×é²»Í¬ÖÜÆÚ±ä¾àÊµÑéÊý¾Ý\Ô­Ê¼Í¼ÏñÊý¾Ý\²É¼¯Í¼Æ¬Êý¾Ý_600_6_05\600_6_05_358.bmp 468.313 251.375 10.0623 00
F:\Exp\4×é²»Í¬ÖÜÆÚ±ä¾àÊµÑéÊý¾Ý\Ô­Ê¼Í¼ÏñÊý¾Ý\²É¼¯Í¼Æ¬Êý¾Ý_600_6_05\600_6_05_359.bmp 486.125 251.875 10.0475 00
F:\Exp\4×é²»Í¬ÖÜÆÚ±ä¾àÊµÑéÊý¾Ý\Ô­Ê¼Í¼ÏñÊý¾Ý\²É¼¯Í¼Æ¬Êý¾Ý_600_6_05\600_6_05_36.bmp 465.188 271.375 10.0525 00
F:\Exp\4×é²»Í¬ÖÜÆÚ±ä¾àÊµÑéÊý¾Ý\Ô­Ê¼Í¼ÏñÊý¾Ý\²É¼¯Í¼Æ¬Êý¾Ý_600_6_05\600_6_05_360.bmp 486.125 251.875 10.0475 00
F:\Exp\4×é²»Í¬ÖÜÆÚ±ä¾àÊµÑéÊý¾Ý\Ô­Ê¼Í¼ÏñÊý¾Ý\²É¼¯Í¼Æ¬Êý¾Ý_600_6_05\600_6_05_361.bmp 476.313 250.625 10.3961 00
F:\Exp\4×é²»Í¬ÖÜÆÚ±ä¾àÊµÑéÊý¾Ý\Ô­Ê¼Í¼ÏñÊý¾Ý\²É¼¯Í¼Æ¬Êý¾Ý_600_6_05\600_6_05_362.bmp 476.313 250.625 10.3961 00
F:\Exp\4×é²»Í¬ÖÜÆÚ±ä¾àÊµÑéÊý¾Ý\Ô­Ê¼Í¼ÏñÊý¾Ý\²É¼¯Í¼Æ¬Êý¾Ý_600_6_05\600_6_05_363.bmp 475.313 250.5 10.2293 00
F:\Exp\4×é²»Í¬ÖÜÆÚ±ä¾àÊµÑéÊý¾Ý\Ô­Ê¼Í¼ÏñÊý¾Ý\²É¼¯Í¼Æ¬Êý¾Ý_600_6_05\600_6_05_364.bmp 475.313 250.5 10.2293 00
F:\Exp\4×é²»Í¬ÖÜÆÚ±ä¾àÊµÑéÊý¾Ý\Ô­Ê¼Í¼ÏñÊý¾Ý\²É¼¯Í¼Æ¬Êý¾Ý_600_6_05\600_6_05_365.bmp 472.839 249.75 10.0154 00
F:\Exp\4×é²»Í¬ÖÜÆÚ±ä¾àÊµÑéÊý¾Ý\Ô­Ê¼Í¼ÏñÊý¾Ý\²É¼¯Í¼Æ¬Êý¾Ý_600_6_05\600_6_05_366.bmp 472.839 249.75 10.0154 00
F:\Exp\4×é²»Í¬ÖÜÆÚ±ä¾àÊµÑéÊý¾Ý\Ô­Ê¼Í¼ÏñÊý¾Ý\²É¼¯Í¼Æ¬Êý¾Ý_600_6_05\600_6_05_367.bmp 472.313 250.375 10.0623 00
F:\Exp\4×é²»Í¬ÖÜÆÚ±ä¾àÊµÑéÊý¾Ý\Ô­Ê¼Í¼ÏñÊý¾Ý\²É¼¯Í¼Æ¬Êý¾Ý_600_6_05\600_6_05_368.bmp 472.313 250.375 10.0623 00
F:\Exp\4×é²»Í¬ÖÜÆÚ±ä¾àÊµÑéÊý¾Ý\Ô­Ê¼Í¼ÏñÊý¾Ý\²É¼¯Í¼Æ¬Êý¾Ý_600_6_05\600_6_05_369.bmp 470.313 250.375 10.0623 00
F:\Exp\4×é²»Í¬ÖÜÆÚ±ä¾àÊµÑéÊý¾Ý\Ô­Ê¼Í¼ÏñÊý¾Ý\²É¼¯Í¼Æ¬Êý¾Ý_600_6_05\600_6_05_37.bmp 489.313 271.375 10.0623 00
F:\Exp\4×é²»Í¬ÖÜÆÚ±ä¾àÊµÑéÊý¾Ý\Ô­Ê¼Í¼ÏñÊý¾Ý\²É¼¯Í¼Æ¬Êý¾Ý_600_6_05\600_6_05_370.bmp 470.313 250.375 10.0623 00
F:\Exp\4×é²»Í¬ÖÜÆÚ±ä¾àÊµÑéÊý¾Ý\Ô­Ê¼Í¼ÏñÊý¾Ý\²É¼¯Í¼Æ¬Êý¾Ý_600_6_05\600_6_05_371.bmp 469.313 252.375 10.0623 00
F:\Exp\4×é²»Í¬ÖÜÆÚ±ä¾àÊµÑéÊý¾Ý\Ô­Ê¼Í¼ÏñÊý¾Ý\²É¼¯Í¼Æ¬Êý¾Ý_600_6_05\600_6_05_372.bmp 469.313 252.375 10.0623 00
F:\Exp\4×é²»Í¬ÖÜÆÚ±ä¾àÊµÑéÊý¾Ý\Ô­Ê¼Í¼ÏñÊý¾Ý\²É¼¯Í¼Æ¬Êý¾Ý_600_6_05\600_6_05_373.bmp 488.313 252.25 9.89519 00
F:\Exp\4×é²»Í¬ÖÜÆÚ±ä¾àÊµÑéÊý¾Ý\Ô­Ê¼Í¼ÏñÊý¾Ý\²É¼¯Í¼Æ¬Êý¾Ý_600_6_05\600_6_05_374.bmp 488.313 252.25 9.89519 00
F:\Exp\4×é²»Í¬ÖÜÆÚ±ä¾àÊµÑéÊý¾Ý\Ô­Ê¼Í¼ÏñÊý¾Ý\²É¼¯Í¼Æ¬Êý¾Ý_600_6_05\600_6_05_375.bmp 475.813 251.125 9.84401 00
F:\Exp\4×é²»Í¬ÖÜÆÚ±ä¾àÊµÑéÊý¾Ý\Ô­Ê¼Í¼ÏñÊý¾Ý\²É¼¯Í¼Æ¬Êý¾Ý_600_6_05\600_6_05_376.bmp 475.813 251.125 9.84401 00
F:\Exp\4×é²»Í¬ÖÜÆÚ±ä¾àÊµÑéÊý¾Ý\Ô­Ê¼Í¼ÏñÊý¾Ý\²É¼¯Í¼Æ¬Êý¾Ý_600_6_05\600_6_05_377.bmp 474.313 251.375 10.0623 00
F:\Exp\4×é²»Í¬ÖÜÆÚ±ä¾àÊµÑéÊý¾Ý\Ô­Ê¼Í¼ÏñÊý¾Ý\²É¼¯Í¼Æ¬Êý¾Ý_600_6_05\600_6_05_378.bmp 474.313 251.375 10.0623 00
F:\Exp\4×é²»Í¬ÖÜÆÚ±ä¾àÊµÑéÊý¾Ý\Ô­Ê¼Í¼ÏñÊý¾Ý\²É¼¯Í¼Æ¬Êý¾Ý_600_6_05\600_6_05_379.bmp 470.275 252.875 10.0594 00
F:\Exp\4×é²»Í¬ÖÜÆÚ±ä¾àÊµÑéÊý¾Ý\Ô­Ê¼Í¼ÏñÊý¾Ý\²É¼¯Í¼Æ¬Êý¾Ý_600_6_05\600_6_05_38.bmp 489.313 271.375 10.0623 00
F:\Exp\4×é²»Í¬ÖÜÆÚ±ä¾àÊµÑéÊý¾Ý\Ô­Ê¼Í¼ÏñÊý¾Ý\²É¼¯Í¼Æ¬Êý¾Ý_600_6_05\600_6_05_380.bmp 468.393 254 10.2358 00
F:\Exp\4×é²»Í¬ÖÜÆÚ±ä¾àÊµÑéÊý¾Ý\Ô­Ê¼Í¼ÏñÊý¾Ý\²É¼¯Í¼Æ¬Êý¾Ý_600_6_05\600_6_05_381.bmp 468.393 254 10.2358 00
F:\Exp\4×é²»Í¬ÖÜÆÚ±ä¾àÊµÑéÊý¾Ý\Ô­Ê¼Í¼ÏñÊý¾Ý\²É¼¯Í¼Æ¬Êý¾Ý_600_6_05\600_6_05_382.bmp 464.188 255.375 10.0525 00
F:\Exp\4×é²»Í¬ÖÜÆÚ±ä¾àÊµÑéÊý¾Ý\Ô­Ê¼Í¼ÏñÊý¾Ý\²É¼¯Í¼Æ¬Êý¾Ý_600_6_05\600_6_05_383.bmp 464.188 255.375 10.0525 00
F:\Exp\4×é²»Í¬ÖÜÆÚ±ä¾àÊµÑéÊý¾Ý\Ô­Ê¼Í¼ÏñÊý¾Ý\²É¼¯Í¼Æ¬Êý¾Ý_600_6_05\600_6_05_384.bmp 484.313 254.375 10.0623 00
F:\Exp\4×é²»Í¬ÖÜÆÚ±ä¾àÊµÑéÊý¾Ý\Ô­Ê¼Í¼ÏñÊý¾Ý\²É¼¯Í¼Æ¬Êý¾Ý_600_6_05\600_6_05_385.bmp 484.313 254.375 10.0623 00
F:\Exp\4×é²»Í¬ÖÜÆÚ±ä¾àÊµÑéÊý¾Ý\Ô­Ê¼Í¼ÏñÊý¾Ý\²É¼¯Í¼Æ¬Êý¾Ý_600_6_05\600_6_05_386.bmp 471.839 252.75 10.0154 00
F:\Exp\4×é²»Í¬ÖÜÆÚ±ä¾àÊµÑéÊý¾Ý\Ô­Ê¼Í¼ÏñÊý¾Ý\²É¼¯Í¼Æ¬Êý¾Ý_600_6_05\600_6_05_387.bmp 471.839 252.75 10.0154 00
F:\Exp\4×é²»Í¬ÖÜÆÚ±ä¾àÊµÑéÊý¾Ý\Ô­Ê¼Í¼ÏñÊý¾Ý\²É¼¯Í¼Æ¬Êý¾Ý_600_6_05\600_6_05_388.bmp 470.313 251.375 10.0623 00
F:\Exp\4×é²»Í¬ÖÜÆÚ±ä¾àÊµÑéÊý¾Ý\Ô­Ê¼Í¼ÏñÊý¾Ý\²É¼¯Í¼Æ¬Êý¾Ý_600_6_05\600_6_05_389.bmp 470.313 251.375 10.0623 00
F:\Exp\4×é²»Í¬ÖÜÆÚ±ä¾àÊµÑéÊý¾Ý\Ô­Ê¼Í¼ÏñÊý¾Ý\²É¼¯Í¼Æ¬Êý¾Ý_600_6_05\600_6_05_39.bmp 472.813 269.125 9.84401 00
F:\Exp\4×é²»Í¬ÖÜÆÚ±ä¾àÊµÑéÊý¾Ý\Ô­Ê¼Í¼ÏñÊý¾Ý\²É¼¯Í¼Æ¬Êý¾Ý_600_6_05\600_6_05_390.bmp 490.313 249.375 10.0623 00
F:\Exp\4×é²»Í¬ÖÜÆÚ±ä¾àÊµÑéÊý¾Ý\Ô­Ê¼Í¼ÏñÊý¾Ý\²É¼¯Í¼Æ¬Êý¾Ý_600_6_05\600_6_05_391.bmp 490.313 249.375 10.0623 00
F:\Exp\4×é²»Í¬ÖÜÆÚ±ä¾àÊµÑéÊý¾Ý\Ô­Ê¼Í¼ÏñÊý¾Ý\²É¼¯Í¼Æ¬Êý¾Ý_600_6_05\600_6_05_392.bmp 479.188 247.25 9.88547 00
F:\Exp\4×é²»Í¬ÖÜÆÚ±ä¾àÊµÑéÊý¾Ý\Ô­Ê¼Í¼ÏñÊý¾Ý\²É¼¯Í¼Æ¬Êý¾Ý_600_6_05\600_6_05_393.bmp 479.188 247.25 9.88547 00
F:\Exp\4×é²»Í¬ÖÜÆÚ±ä¾àÊµÑéÊý¾Ý\Ô­Ê¼Í¼ÏñÊý¾Ý\²É¼¯Í¼Æ¬Êý¾Ý_600_6_05\600_6_05_394.bmp 474.813 247.125 9.84401 00
F:\Exp\4×é²»Í¬ÖÜÆÚ±ä¾àÊµÑéÊý¾Ý\Ô­Ê¼Í¼ÏñÊý¾Ý\²É¼¯Í¼Æ¬Êý¾Ý_600_6_05\600_6_05_395.bmp 474.813 247.125 9.84401 00
F:\Exp\4×é²»Í¬ÖÜÆÚ±ä¾àÊµÑéÊý¾Ý\Ô­Ê¼Í¼ÏñÊý¾Ý\²É¼¯Í¼Æ¬Êý¾Ý_600_6_05\600_6_05_396.bmp 474.188 247.375 10.0525 00
F:\Exp\4×é²»Í¬ÖÜÆÚ±ä¾àÊµÑéÊý¾Ý\Ô­Ê¼Í¼ÏñÊý¾Ý\²É¼¯Í¼Æ¬Êý¾Ý_600_6_05\600_6_05_397.bmp 474.188 247.375 10.0525 00
F:\Exp\4×é²»Í¬ÖÜÆÚ±ä¾àÊµÑéÊý¾Ý\Ô­Ê¼Í¼ÏñÊý¾Ý\²É¼¯Í¼Æ¬Êý¾Ý_600_6_05\600_6_05_398.bmp 490.839 247.75 10.0154 00
F:\Exp\4×é²»Í¬ÖÜÆÚ±ä¾àÊµÑéÊý¾Ý\Ô­Ê¼Í¼ÏñÊý¾Ý\²É¼¯Í¼Æ¬Êý¾Ý_600_6_05\600_6_05_399.bmp 490.839 247.75 10.0154 00
F:\Exp\4×é²»Í¬ÖÜÆÚ±ä¾àÊµÑéÊý¾Ý\Ô­Ê¼Í¼ÏñÊý¾Ý\²É¼¯Í¼Æ¬Êý¾Ý_600_6_05\600_6_05_4.bmp 468.188 265.375 10.0525 00
F:\Exp\4×é²»Í¬ÖÜÆÚ±ä¾àÊµÑéÊý¾Ý\Ô­Ê¼Í¼ÏñÊý¾Ý\²É¼¯Í¼Æ¬Êý¾Ý_600_6_05\600_6_05_40.bmp 472.813 269.125 9.84401 00
F:\Exp\4×é²»Í¬ÖÜÆÚ±ä¾àÊµÑéÊý¾Ý\Ô­Ê¼Í¼ÏñÊý¾Ý\²É¼¯Í¼Æ¬Êý¾Ý_600_6_05\600_6_05_400.bmp 457.313 246.375 10.0623 00
F:\Exp\4×é²»Í¬ÖÜÆÚ±ä¾àÊµÑéÊý¾Ý\Ô­Ê¼Í¼ÏñÊý¾Ý\²É¼¯Í¼Æ¬Êý¾Ý_600_6_05\600_6_05_401.bmp 457.313 246.375 10.0623 00
F:\Exp\4×é²»Í¬ÖÜÆÚ±ä¾àÊµÑéÊý¾Ý\Ô­Ê¼Í¼ÏñÊý¾Ý\²É¼¯Í¼Æ¬Êý¾Ý_600_6_05\600_6_05_402.bmp 484.188 247.375 10.0525 00
F:\Exp\4×é²»Í¬ÖÜÆÚ±ä¾àÊµÑéÊý¾Ý\Ô­Ê¼Í¼ÏñÊý¾Ý\²É¼¯Í¼Æ¬Êý¾Ý_600_6_05\600_6_05_403.bmp 484.188 247.375 10.0525 00
F:\Exp\4×é²»Í¬ÖÜÆÚ±ä¾àÊµÑéÊý¾Ý\Ô­Ê¼Í¼ÏñÊý¾Ý\²É¼¯Í¼Æ¬Êý¾Ý_600_6_05\600_6_05_404.bmp 470.813 247.125 9.84401 00
F:\Exp\4×é²»Í¬ÖÜÆÚ±ä¾àÊµÑéÊý¾Ý\Ô­Ê¼Í¼ÏñÊý¾Ý\²É¼¯Í¼Æ¬Êý¾Ý_600_6_05\600_6_05_405.bmp 470.813 247.125 9.84401 00
F:\Exp\4×é²»Í¬ÖÜÆÚ±ä¾àÊµÑéÊý¾Ý\Ô­Ê¼Í¼ÏñÊý¾Ý\²É¼¯Í¼Æ¬Êý¾Ý_600_6_05\600_6_05_406.bmp 486.425 247.875 10.0712 00
F:\Exp\4×é²»Í¬ÖÜÆÚ±ä¾àÊµÑéÊý¾Ý\Ô­Ê¼Í¼ÏñÊý¾Ý\²É¼¯Í¼Æ¬Êý¾Ý_600_6_05\600_6_05_407.bmp 486.425 247.875 10.0712 00
F:\Exp\4×é²»Í¬ÖÜÆÚ±ä¾àÊµÑéÊý¾Ý\Ô­Ê¼Í¼ÏñÊý¾Ý\²É¼¯Í¼Æ¬Êý¾Ý_600_6_05\600_6_05_408.bmp 472.313 247.375 10.0623 00
F:\Exp\4×é²»Í¬ÖÜÆÚ±ä¾àÊµÑéÊý¾Ý\Ô­Ê¼Í¼ÏñÊý¾Ý\²É¼¯Í¼Æ¬Êý¾Ý_600_6_05\600_6_05_409.bmp 472.313 247.375 10.0623 00
F:\Exp\4×é²»Í¬ÖÜÆÚ±ä¾àÊµÑéÊý¾Ý\Ô­Ê¼Í¼ÏñÊý¾Ý\²É¼¯Í¼Æ¬Êý¾Ý_600_6_05\600_6_05_41.bmp 476.188 269.125 9.71831 00
F:\Exp\4×é²»Í¬ÖÜÆÚ±ä¾àÊµÑéÊý¾Ý\Ô­Ê¼Í¼ÏñÊý¾Ý\²É¼¯Í¼Æ¬Êý¾Ý_600_6_05\600_6_05_42.bmp 476.188 269.125 9.71831 00
F:\Exp\4×é²»Í¬ÖÜÆÚ±ä¾àÊµÑéÊý¾Ý\Ô­Ê¼Í¼ÏñÊý¾Ý\²É¼¯Í¼Æ¬Êý¾Ý_600_6_05\600_6_05_43.bmp 466.813 267.125 9.84401 00
F:\Exp\4×é²»Í¬ÖÜÆÚ±ä¾àÊµÑéÊý¾Ý\Ô­Ê¼Í¼ÏñÊý¾Ý\²É¼¯Í¼Æ¬Êý¾Ý_600_6_05\600_6_05_44.bmp 466.813 267.125 9.84401 00
F:\Exp\4×é²»Í¬ÖÜÆÚ±ä¾àÊµÑéÊý¾Ý\Ô­Ê¼Í¼ÏñÊý¾Ý\²É¼¯Í¼Æ¬Êý¾Ý_600_6_05\600_6_05_45.bmp 494.188 268.125 9.71831 00
F:\Exp\4×é²»Í¬ÖÜÆÚ±ä¾àÊµÑéÊý¾Ý\Ô­Ê¼Í¼ÏñÊý¾Ý\²É¼¯Í¼Æ¬Êý¾Ý_600_6_05\600_6_05_46.bmp 494.188 268.125 9.71831 00
F:\Exp\4×é²»Í¬ÖÜÆÚ±ä¾àÊµÑéÊý¾Ý\Ô­Ê¼Í¼ÏñÊý¾Ý\²É¼¯Í¼Æ¬Êý¾Ý_600_6_05\600_6_05_47.bmp 454.839 266.5 9.67667 00
F:\Exp\4×é²»Í¬ÖÜÆÚ±ä¾àÊµÑéÊý¾Ý\Ô­Ê¼Í¼ÏñÊý¾Ý\²É¼¯Í¼Æ¬Êý¾Ý_600_6_05\600_6_05_48.bmp 454.839 266.5 9.67667 00
F:\Exp\4×é²»Í¬ÖÜÆÚ±ä¾àÊµÑéÊý¾Ý\Ô­Ê¼Í¼ÏñÊý¾Ý\²É¼¯Í¼Æ¬Êý¾Ý_600_6_05\600_6_05_49.bmp 490.438 269.125 9.69925 00
F:\Exp\4×é²»Í¬ÖÜÆÚ±ä¾àÊµÑéÊý¾Ý\Ô­Ê¼Í¼ÏñÊý¾Ý\²É¼¯Í¼Æ¬Êý¾Ý_600_6_05\600_6_05_5.bmp 494.275 266.75 9.89227 00
F:\Exp\4×é²»Í¬ÖÜÆÚ±ä¾àÊµÑéÊý¾Ý\Ô­Ê¼Í¼ÏñÊý¾Ý\²É¼¯Í¼Æ¬Êý¾Ý_600_6_05\600_6_05_50.bmp 490.438 269.125 9.69925 00
F:\Exp\4×é²»Í¬ÖÜÆÚ±ä¾àÊµÑéÊý¾Ý\Ô­Ê¼Í¼ÏñÊý¾Ý\²É¼¯Í¼Æ¬Êý¾Ý_600_6_05\600_6_05_51.bmp 452.732 268.5 9.66842 00
F:\Exp\4×é²»Í¬ÖÜÆÚ±ä¾àÊµÑéÊý¾Ý\Ô­Ê¼Í¼ÏñÊý¾Ý\²É¼¯Í¼Æ¬Êý¾Ý_600_6_05\600_6_05_52.bmp 452.732 268.5 9.66842 00
F:\Exp\4×é²»Í¬ÖÜÆÚ±ä¾àÊµÑéÊý¾Ý\Ô­Ê¼Í¼ÏñÊý¾Ý\²É¼¯Í¼Æ¬Êý¾Ý_600_6_05\600_6_05_53.bmp 484.188 271.125 9.71831 00
F:\Exp\4×é²»Í¬ÖÜÆÚ±ä¾àÊµÑéÊý¾Ý\Ô­Ê¼Í¼ÏñÊý¾Ý\²É¼¯Í¼Æ¬Êý¾Ý_600_6_05\600_6_05_54.bmp 484.188 271.125 9.71831 00
F:\Exp\4×é²»Í¬ÖÜÆÚ±ä¾àÊµÑéÊý¾Ý\Ô­Ê¼Í¼ÏñÊý¾Ý\²É¼¯Í¼Æ¬Êý¾Ý_600_6_05\600_6_05_55.bmp 467.188 269.25 9.88547 00
F:\Exp\4×é²»Í¬ÖÜÆÚ±ä¾àÊµÑéÊý¾Ý\Ô­Ê¼Í¼ÏñÊý¾Ý\²É¼¯Í¼Æ¬Êý¾Ý_600_6_05\600_6_05_56.bmp 467.188 269.25 9.88547 00
F:\Exp\4×é²»Í¬ÖÜÆÚ±ä¾àÊµÑéÊý¾Ý\Ô­Ê¼Í¼ÏñÊý¾Ý\²É¼¯Í¼Æ¬Êý¾Ý_600_6_05\600_6_05_57.bmp 471.063 270.25 9.87577 00
F:\Exp\4×é²»Í¬ÖÜÆÚ±ä¾àÊµÑéÊý¾Ý\Ô­Ê¼Í¼ÏñÊý¾Ý\²É¼¯Í¼Æ¬Êý¾Ý_600_6_05\600_6_05_58.bmp 471.063 270.25 9.87577 00
F:\Exp\4×é²»Í¬ÖÜÆÚ±ä¾àÊµÑéÊý¾Ý\Ô­Ê¼Í¼ÏñÊý¾Ý\²É¼¯Í¼Æ¬Êý¾Ý_600_6_05\600_6_05_59.bmp 462.275 269.75 9.89227 00
F:\Exp\4×é²»Í¬ÖÜÆÚ±ä¾àÊµÑéÊý¾Ý\Ô­Ê¼Í¼ÏñÊý¾Ý\²É¼¯Í¼Æ¬Êý¾Ý_600_6_05\600_6_05_6.bmp 494.275 266.75 9.89227 00
F:\Exp\4×é²»Í¬ÖÜÆÚ±ä¾àÊµÑéÊý¾Ý\Ô­Ê¼Í¼ÏñÊý¾Ý\²É¼¯Í¼Æ¬Êý¾Ý_600_6_05\600_6_05_60.bmp 462.275 269.75 9.89227 00
F:\Exp\4×é²»Í¬ÖÜÆÚ±ä¾àÊµÑéÊý¾Ý\Ô­Ê¼Í¼ÏñÊý¾Ý\²É¼¯Í¼Æ¬Êý¾Ý_600_6_05\600_6_05_61.bmp 486.232 270.75 9.88894 00
F:\Exp\4×é²»Í¬ÖÜÆÚ±ä¾àÊµÑéÊý¾Ý\Ô­Ê¼Í¼ÏñÊý¾Ý\²É¼¯Í¼Æ¬Êý¾Ý_600_6_05\600_6_05_62.bmp 486.232 270.75 9.88894 00
F:\Exp\4×é²»Í¬ÖÜÆÚ±ä¾àÊµÑéÊý¾Ý\Ô­Ê¼Í¼ÏñÊý¾Ý\²É¼¯Í¼Æ¬Êý¾Ý_600_6_05\600_6_05_63.bmp 467.938 268.125 9.85382 00
F:\Exp\4×é²»Í¬ÖÜÆÚ±ä¾àÊµÑéÊý¾Ý\Ô­Ê¼Í¼ÏñÊý¾Ý\²É¼¯Í¼Æ¬Êý¾Ý_600_6_05\600_6_05_64.bmp 467.938 268.125 9.85382 00
F:\Exp\4×é²»Í¬ÖÜÆÚ±ä¾àÊµÑéÊý¾Ý\Ô­Ê¼Í¼ÏñÊý¾Ý\²É¼¯Í¼Æ¬Êý¾Ý_600_6_05\600_6_05_65.bmp 490.188 268.125 9.71831 00
F:\Exp\4×é²»Í¬ÖÜÆÚ±ä¾àÊµÑéÊý¾Ý\Ô­Ê¼Í¼ÏñÊý¾Ý\²É¼¯Í¼Æ¬Êý¾Ý_600_6_05\600_6_05_66.bmp 490.188 268.125 9.71831 00
F:\Exp\4×é²»Í¬ÖÜÆÚ±ä¾àÊµÑéÊý¾Ý\Ô­Ê¼Í¼ÏñÊý¾Ý\²É¼¯Í¼Æ¬Êý¾Ý_600_6_05\600_6_05_67.bmp 448.813 266.125 9.84401 00
F:\Exp\4×é²»Í¬ÖÜÆÚ±ä¾àÊµÑéÊý¾Ý\Ô­Ê¼Í¼ÏñÊý¾Ý\²É¼¯Í¼Æ¬Êý¾Ý_600_6_05\600_6_05_68.bmp 448.813 266.125 9.84401 00
F:\Exp\4×é²»Í¬ÖÜÆÚ±ä¾àÊµÑéÊý¾Ý\Ô­Ê¼Í¼ÏñÊý¾Ý\²É¼¯Í¼Æ¬Êý¾Ý_600_6_05\600_6_05_69.bmp 482.518 265.75 9.87232 00
F:\Exp\4×é²»Í¬ÖÜÆÚ±ä¾àÊµÑéÊý¾Ý\Ô­Ê¼Í¼ÏñÊý¾Ý\²É¼¯Í¼Æ¬Êý¾Ý_600_6_05\600_6_05_7.bmp 452.925 266.75 10.0222 00
F:\Exp\4×é²»Í¬ÖÜÆÚ±ä¾àÊµÑéÊý¾Ý\Ô­Ê¼Í¼ÏñÊý¾Ý\²É¼¯Í¼Æ¬Êý¾Ý_600_6_05\600_6_05_70.bmp 482.518 265.75 9.87232 00
F:\Exp\4×é²»Í¬ÖÜÆÚ±ä¾àÊµÑéÊý¾Ý\Ô­Ê¼Í¼ÏñÊý¾Ý\²É¼¯Í¼Æ¬Êý¾Ý_600_6_05\600_6_05_71.bmp 461.813 265.125 9.84401 00
F:\Exp\4×é²»Í¬ÖÜÆÚ±ä¾àÊµÑéÊý¾Ý\Ô­Ê¼Í¼ÏñÊý¾Ý\²É¼¯Í¼Æ¬Êý¾Ý_600_6_05\600_6_05_72.bmp 461.813 265.125 9.84401 00
F:\Exp\4×é²»Í¬ÖÜÆÚ±ä¾àÊµÑéÊý¾Ý\Ô­Ê¼Í¼ÏñÊý¾Ý\²É¼¯Í¼Æ¬Êý¾Ý_600_6_05\600_6_05_73.bmp 487.518 265.75 9.87232 00
F:\Exp\4×é²»Í¬ÖÜÆÚ±ä¾àÊµÑéÊý¾Ý\Ô­Ê¼Í¼ÏñÊý¾Ý\²É¼¯Í¼Æ¬Êý¾Ý_600_6_05\600_6_05_74.bmp 487.518 265.75 9.87232 00
F:\Exp\4×é²»Í¬ÖÜÆÚ±ä¾àÊµÑéÊý¾Ý\Ô­Ê¼Í¼ÏñÊý¾Ý\²É¼¯Í¼Æ¬Êý¾Ý_600_6_05\600_6_05_75.bmp 467.813 263.125 9.84401 00
F:\Exp\4×é²»Í¬ÖÜÆÚ±ä¾àÊµÑéÊý¾Ý\Ô­Ê¼Í¼ÏñÊý¾Ý\²É¼¯Í¼Æ¬Êý¾Ý_600_6_05\600_6_05_76.bmp 467.813 263.125 9.84401 00
F:\Exp\4×é²»Í¬ÖÜÆÚ±ä¾àÊµÑéÊý¾Ý\Ô­Ê¼Í¼ÏñÊý¾Ý\²É¼¯Í¼Æ¬Êý¾Ý_600_6_05\600_6_05_77.bmp 472.313 264.25 9.89519 00
F:\Exp\4×é²»Í¬ÖÜÆÚ±ä¾àÊµÑéÊý¾Ý\Ô­Ê¼Í¼ÏñÊý¾Ý\²É¼¯Í¼Æ¬Êý¾Ý_600_6_05\600_6_05_78.bmp 472.313 264.25 9.89519 00
F:\Exp\4×é²»Í¬ÖÜÆÚ±ä¾àÊµÑéÊý¾Ý\Ô­Ê¼Í¼ÏñÊý¾Ý\²É¼¯Í¼Æ¬Êý¾Ý_600_6_05\600_6_05_79.bmp 462.313 264.25 9.89519 00
F:\Exp\4×é²»Í¬ÖÜÆÚ±ä¾àÊµÑéÊý¾Ý\Ô­Ê¼Í¼ÏñÊý¾Ý\²É¼¯Í¼Æ¬Êý¾Ý_600_6_05\600_6_05_8.bmp 452.925 266.75 10.0222 00
F:\Exp\4×é²»Í¬ÖÜÆÚ±ä¾àÊµÑéÊý¾Ý\Ô­Ê¼Í¼ÏñÊý¾Ý\²É¼¯Í¼Æ¬Êý¾Ý_600_6_05\600_6_05_80.bmp 462.313 264.25 9.89519 00
F:\Exp\4×é²»Í¬ÖÜÆÚ±ä¾àÊµÑéÊý¾Ý\Ô­Ê¼Í¼ÏñÊý¾Ý\²É¼¯Í¼Æ¬Êý¾Ý_600_6_05\600_6_05_81.bmp 486.839 265.5 9.67667 00
F:\Exp\4×é²»Í¬ÖÜÆÚ±ä¾àÊµÑéÊý¾Ý\Ô­Ê¼Í¼ÏñÊý¾Ý\²É¼¯Í¼Æ¬Êý¾Ý_600_6_05\600_6_05_82.bmp 486.839 265.5 9.67667 00
F:\Exp\4×é²»Í¬ÖÜÆÚ±ä¾àÊµÑéÊý¾Ý\Ô­Ê¼Í¼ÏñÊý¾Ý\²É¼¯Í¼Æ¬Êý¾Ý_600_6_05\600_6_05_83.bmp 468.188 266.125 9.71831 00
F:\Exp\4×é²»Í¬ÖÜÆÚ±ä¾àÊµÑéÊý¾Ý\Ô­Ê¼Í¼ÏñÊý¾Ý\²É¼¯Í¼Æ¬Êý¾Ý_600_6_05\600_6_05_84.bmp 468.188 266.125 9.71831 00
F:\Exp\4×é²»Í¬ÖÜÆÚ±ä¾àÊµÑéÊý¾Ý\Ô­Ê¼Í¼ÏñÊý¾Ý\²É¼¯Í¼Æ¬Êý¾Ý_600_6_05\600_6_05_85.bmp 470.188 267.125 9.71831 00
F:\Exp\4×é²»Í¬ÖÜÆÚ±ä¾àÊµÑéÊý¾Ý\Ô­Ê¼Í¼ÏñÊý¾Ý\²É¼¯Í¼Æ¬Êý¾Ý_600_6_05\600_6_05_86.bmp 470.188 267.125 9.71831 00
F:\Exp\4×é²»Í¬ÖÜÆÚ±ä¾àÊµÑéÊý¾Ý\Ô­Ê¼Í¼ÏñÊý¾Ý\²É¼¯Í¼Æ¬Êý¾Ý_600_6_05\600_6_05_87.bmp 460.438 266.125 9.69925 00
F:\Exp\4×é²»Í¬ÖÜÆÚ±ä¾àÊµÑéÊý¾Ý\Ô­Ê¼Í¼ÏñÊý¾Ý\²É¼¯Í¼Æ¬Êý¾Ý_600_6_05\600_6_05_88.bmp 460.438 266.125 9.69925 00
F:\Exp\4×é²»Í¬ÖÜÆÚ±ä¾àÊµÑéÊý¾Ý\Ô­Ê¼Í¼ÏñÊý¾Ý\²É¼¯Í¼Æ¬Êý¾Ý_600_6_05\600_6_05_89.bmp 482.125 267.5 9.54629 00
F:\Exp\4×é²»Í¬ÖÜÆÚ±ä¾àÊµÑéÊý¾Ý\Ô­Ê¼Í¼ÏñÊý¾Ý\²É¼¯Í¼Æ¬Êý¾Ý_600_6_05\600_6_05_9.bmp 486.275 268.75 9.89227 00
F:\Exp\4×é²»Í¬ÖÜÆÚ±ä¾àÊµÑéÊý¾Ý\Ô­Ê¼Í¼ÏñÊý¾Ý\²É¼¯Í¼Æ¬Êý¾Ý_600_6_05\600_6_05_90.bmp 482.125 267.5 9.54629 00
F:\Exp\4×é²»Í¬ÖÜÆÚ±ä¾àÊµÑéÊý¾Ý\Ô­Ê¼Í¼ÏñÊý¾Ý\²É¼¯Í¼Æ¬Êý¾Ý_600_6_05\600_6_05_91.bmp 466.839 266.5 9.67667 00
F:\Exp\4×é²»Í¬ÖÜÆÚ±ä¾àÊµÑéÊý¾Ý\Ô­Ê¼Í¼ÏñÊý¾Ý\²É¼¯Í¼Æ¬Êý¾Ý_600_6_05\600_6_05_92.bmp 466.839 266.5 9.67667 00
F:\Exp\4×é²»Í¬ÖÜÆÚ±ä¾àÊµÑéÊý¾Ý\Ô­Ê¼Í¼ÏñÊý¾Ý\²É¼¯Í¼Æ¬Êý¾Ý_600_6_05\600_6_05_93.bmp 488.188 267.125 9.71831 00
F:\Exp\4×é²»Í¬ÖÜÆÚ±ä¾àÊµÑéÊý¾Ý\Ô­Ê¼Í¼ÏñÊý¾Ý\²É¼¯Í¼Æ¬Êý¾Ý_600_6_05\600_6_05_94.bmp 488.188 267.125 9.71831 00
F:\Exp\4×é²»Í¬ÖÜÆÚ±ä¾àÊµÑéÊý¾Ý\Ô­Ê¼Í¼ÏñÊý¾Ý\²É¼¯Í¼Æ¬Êý¾Ý_600_6_05\600_6_05_95.bmp 446.775 265.5 9.67172 00
F:\Exp\4×é²»Í¬ÖÜÆÚ±ä¾àÊµÑéÊý¾Ý\Ô­Ê¼Í¼ÏñÊý¾Ý\²É¼¯Í¼Æ¬Êý¾Ý_600_6_05\600_6_05_96.bmp 446.775 265.5 9.67172 00
F:\Exp\4×é²»Í¬ÖÜÆÚ±ä¾àÊµÑéÊý¾Ý\Ô­Ê¼Í¼ÏñÊý¾Ý\²É¼¯Í¼Æ¬Êý¾Ý_600_6_05\600_6_05_97.bmp 482.313 266.25 9.89519 00
F:\Exp\4×é²»Í¬ÖÜÆÚ±ä¾àÊµÑéÊý¾Ý\Ô­Ê¼Í¼ÏñÊý¾Ý\²É¼¯Í¼Æ¬Êý¾Ý_600_6_05\600_6_05_98.bmp 482.313 266.25 9.89519 00
F:\Exp\4×é²»Í¬ÖÜÆÚ±ä¾àÊµÑéÊý¾Ý\Ô­Ê¼Í¼ÏñÊý¾Ý\²É¼¯Í¼Æ¬Êý¾Ý_600_6_05\600_6_05_99.bmp 464.188 265.125 9.71831 00
F:\Exp\4×é²»Í¬ÖÜÆÚ±ä¾àÊµÑéÊý¾Ý\Ô­Ê¼Í¼ÏñÊý¾Ý\²É¼¯Í¼Æ¬Êý¾Ý_600_6_05\²É¼¯Í¼Æ¬Êý¾Ý_600_6_10\600_6_10_1.bmp 490.188 267.125 9.71831 00
F:\Exp\4×é²»Í¬ÖÜÆÚ±ä¾àÊµÑéÊý¾Ý\Ô­Ê¼Í¼ÏñÊý¾Ý\²É¼¯Í¼Æ¬Êý¾Ý_600_6_05\²É¼¯Í¼Æ¬Êý¾Ý_600_6_10\600_6_10_10.bmp 490.188 264 9.55098 00
F:\Exp\4×é²»Í¬ÖÜÆÚ±ä¾àÊµÑéÊý¾Ý\Ô­Ê¼Í¼ÏñÊý¾Ý\²É¼¯Í¼Æ¬Êý¾Ý_600_6_05\²É¼¯Í¼Æ¬Êý¾Ý_600_6_10\600_6_10_100.bmp 464.188 242.625 9.01251 00
F:\Exp\4×é²»Í¬ÖÜÆÚ±ä¾àÊµÑéÊý¾Ý\Ô­Ê¼Í¼ÏñÊý¾Ý\²É¼¯Í¼Æ¬Êý¾Ý_600_6_05\²É¼¯Í¼Æ¬Êý¾Ý_600_6_10\600_6_10_101.bmp 485.188 243.625 9.01251 00
F:\Exp\4×é²»Í¬ÖÜÆÚ±ä¾àÊµÑéÊý¾Ý\Ô­Ê¼Í¼ÏñÊý¾Ý\²É¼¯Í¼Æ¬Êý¾Ý_600_6_05\²É¼¯Í¼Æ¬Êý¾Ý_600_6_10\600_6_10_102.bmp 485.188 243.625 9.01251 00
F:\Exp\4×é²»Í¬ÖÜÆÚ±ä¾àÊµÑéÊý¾Ý\Ô­Ê¼Í¼ÏñÊý¾Ý\²É¼¯Í¼Æ¬Êý¾Ý_600_6_05\²É¼¯Í¼Æ¬Êý¾Ý_600_6_10\600_6_10_103.bmp 466.063 243.875 9.37426 00
F:\Exp\4×é²»Í¬ÖÜÆÚ±ä¾àÊµÑéÊý¾Ý\Ô­Ê¼Í¼ÏñÊý¾Ý\²É¼¯Í¼Æ¬Êý¾Ý_600_6_05\²É¼¯Í¼Æ¬Êý¾Ý_600_6_10\600_6_10_104.bmp 466.063 243.875 9.37426 00
F:\Exp\4×é²»Í¬ÖÜÆÚ±ä¾àÊµÑéÊý¾Ý\Ô­Ê¼Í¼ÏñÊý¾Ý\²É¼¯Í¼Æ¬Êý¾Ý_600_6_05\²É¼¯Í¼Æ¬Êý¾Ý_600_6_10\600_6_10_105.bmp 486.125 245.375 9.37887 00
F:\Exp\4×é²»Í¬ÖÜÆÚ±ä¾àÊµÑéÊý¾Ý\Ô­Ê¼Í¼ÏñÊý¾Ý\²É¼¯Í¼Æ¬Êý¾Ý_600_6_05\²É¼¯Í¼Æ¬Êý¾Ý_600_6_10\600_6_10_106.bmp 486.125 245.375 9.37887 00
F:\Exp\4×é²»Í¬ÖÜÆÚ±ä¾àÊµÑéÊý¾Ý\Ô­Ê¼Í¼ÏñÊý¾Ý\²É¼¯Í¼Æ¬Êý¾Ý_600_6_05\²É¼¯Í¼Æ¬Êý¾Ý_600_6_10\600_6_10_107.bmp 469.938 244.625 9.03023 00
F:\Exp\4×é²»Í¬ÖÜÆÚ±ä¾àÊµÑéÊý¾Ý\Ô­Ê¼Í¼ÏñÊý¾Ý\²É¼¯Í¼Æ¬Êý¾Ý_600_6_05\²É¼¯Í¼Æ¬Êý¾Ý_600_6_10\600_6_10_108.bmp 469.938 244.625 9.03023 00
F:\Exp\4×é²»Í¬ÖÜÆÚ±ä¾àÊµÑéÊý¾Ý\Ô­Ê¼Í¼ÏñÊý¾Ý\²É¼¯Í¼Æ¬Êý¾Ý_600_6_05\²É¼¯Í¼Æ¬Êý¾Ý_600_6_10\600_6_10_109.bmp 466.438 244.75 9.16172 00
F:\Exp\4×é²»Í¬ÖÜÆÚ±ä¾àÊµÑéÊý¾Ý\Ô­Ê¼Í¼ÏñÊý¾Ý\²É¼¯Í¼Æ¬Êý¾Ý_600_6_05\²É¼¯Í¼Æ¬Êý¾Ý_600_6_10\600_6_10_11.bmp 446.688 261.875 9.49556 00
F:\Exp\4×é²»Í¬ÖÜÆÚ±ä¾àÊµÑéÊý¾Ý\Ô­Ê¼Í¼ÏñÊý¾Ý\²É¼¯Í¼Æ¬Êý¾Ý_600_6_05\²É¼¯Í¼Æ¬Êý¾Ý_600_6_10\600_6_10_110.bmp 466.438 244.75 9.16172 00
F:\Exp\4×é²»Í¬ÖÜÆÚ±ä¾àÊµÑéÊý¾Ý\Ô­Ê¼Í¼ÏñÊý¾Ý\²É¼¯Í¼Æ¬Êý¾Ý_600_6_05\²É¼¯Í¼Æ¬Êý¾Ý_600_6_10\600_6_10_111.bmp 480.018 244.25 9.20354 00
F:\Exp\4×é²»Í¬ÖÜÆÚ±ä¾àÊµÑéÊý¾Ý\Ô­Ê¼Í¼ÏñÊý¾Ý\²É¼¯Í¼Æ¬Êý¾Ý_600_6_05\²É¼¯Í¼Æ¬Êý¾Ý_600_6_10\600_6_10_112.bmp 480.018 244.25 9.20354 00
F:\Exp\4×é²»Í¬ÖÜÆÚ±ä¾àÊµÑéÊý¾Ý\Ô­Ê¼Í¼ÏñÊý¾Ý\²É¼¯Í¼Æ¬Êý¾Ý_600_6_05\²É¼¯Í¼Æ¬Êý¾Ý_600_6_10\600_6_10_113.bmp 468.732 244.25 9.3293 00
F:\Exp\4×é²»Í¬ÖÜÆÚ±ä¾àÊµÑéÊý¾Ý\Ô­Ê¼Í¼ÏñÊý¾Ý\²É¼¯Í¼Æ¬Êý¾Ý_600_6_05\²É¼¯Í¼Æ¬Êý¾Ý_600_6_10\600_6_10_114.bmp 468.732 244.25 9.3293 00
F:\Exp\4×é²»Í¬ÖÜÆÚ±ä¾àÊµÑéÊý¾Ý\Ô­Ê¼Í¼ÏñÊý¾Ý\²É¼¯Í¼Æ¬Êý¾Ý_600_6_05\²É¼¯Í¼Æ¬Êý¾Ý_600_6_10\600_6_10_115.bmp 482.313 242.875 9.35588 00
F:\Exp\4×é²»Í¬ÖÜÆÚ±ä¾àÊµÑéÊý¾Ý\Ô­Ê¼Í¼ÏñÊý¾Ý\²É¼¯Í¼Æ¬Êý¾Ý_600_6_05\²É¼¯Í¼Æ¬Êý¾Ý_600_6_10\600_6_10_116.bmp 482.313 242.875 9.35588 00
F:\Exp\4×é²»Í¬ÖÜÆÚ±ä¾àÊµÑéÊý¾Ý\Ô­Ê¼Í¼ÏñÊý¾Ý\²É¼¯Í¼Æ¬Êý¾Ý_600_6_05\²É¼¯Í¼Æ¬Êý¾Ý_600_6_10\600_6_10_117.bmp 470.063 241.875 9.37426 00
F:\Exp\4×é²»Í¬ÖÜÆÚ±ä¾àÊµÑéÊý¾Ý\Ô­Ê¼Í¼ÏñÊý¾Ý\²É¼¯Í¼Æ¬Êý¾Ý_600_6_05\²É¼¯Í¼Æ¬Êý¾Ý_600_6_10\600_6_10_118.bmp 470.063 241.875 9.37426 00
F:\Exp\4×é²»Í¬ÖÜÆÚ±ä¾àÊµÑéÊý¾Ý\Ô­Ê¼Í¼ÏñÊý¾Ý\²É¼¯Í¼Æ¬Êý¾Ý_600_6_05\²É¼¯Í¼Æ¬Êý¾Ý_600_6_10\600_6_10_119.bmp 486.357 240.5 9.52623 00
F:\Exp\4×é²»Í¬ÖÜÆÚ±ä¾àÊµÑéÊý¾Ý\Ô­Ê¼Í¼ÏñÊý¾Ý\²É¼¯Í¼Æ¬Êý¾Ý_600_6_05\²É¼¯Í¼Æ¬Êý¾Ý_600_6_10\600_6_10_12.bmp 446.688 261.875 9.49556 00
F:\Exp\4×é²»Í¬ÖÜÆÚ±ä¾àÊµÑéÊý¾Ý\Ô­Ê¼Í¼ÏñÊý¾Ý\²É¼¯Í¼Æ¬Êý¾Ý_600_6_05\²É¼¯Í¼Æ¬Êý¾Ý_600_6_10\600_6_10_120.bmp 486.357 240.5 9.52623 00
F:\Exp\4×é²»Í¬ÖÜÆÚ±ä¾àÊµÑéÊý¾Ý\Ô­Ê¼Í¼ÏñÊý¾Ý\²É¼¯Í¼Æ¬Êý¾Ý_600_6_05\²É¼¯Í¼Æ¬Êý¾Ý_600_6_10\600_6_10_121.bmp 472.188 241 9.55098 00
F:\Exp\4×é²»Í¬ÖÜÆÚ±ä¾àÊµÑéÊý¾Ý\Ô­Ê¼Í¼ÏñÊý¾Ý\²É¼¯Í¼Æ¬Êý¾Ý_600_6_05\²É¼¯Í¼Æ¬Êý¾Ý_600_6_10\600_6_10_122.bmp 472.188 241 9.55098 00
F:\Exp\4×é²»Í¬ÖÜÆÚ±ä¾àÊµÑéÊý¾Ý\Ô­Ê¼Í¼ÏñÊý¾Ý\²É¼¯Í¼Æ¬Êý¾Ý_600_6_05\²É¼¯Í¼Æ¬Êý¾Ý_600_6_10\600_6_10_123.bmp 464.938 240 9.68424 00
F:\Exp\4×é²»Í¬ÖÜÆÚ±ä¾àÊµÑéÊý¾Ý\Ô­Ê¼Í¼ÏñÊý¾Ý\²É¼¯Í¼Æ¬Êý¾Ý_600_6_05\²É¼¯Í¼Æ¬Êý¾Ý_600_6_10\600_6_10_124.bmp 464.938 240 9.68424 00
F:\Exp\4×é²»Í¬ÖÜÆÚ±ä¾àÊµÑéÊý¾Ý\Ô­Ê¼Í¼ÏñÊý¾Ý\²É¼¯Í¼Æ¬Êý¾Ý_600_6_05\²É¼¯Í¼Æ¬Êý¾Ý_600_6_10\600_6_10_125.bmp 482.063 241.875 9.37426 00
F:\Exp\4×é²»Í¬ÖÜÆÚ±ä¾àÊµÑéÊý¾Ý\Ô­Ê¼Í¼ÏñÊý¾Ý\²É¼¯Í¼Æ¬Êý¾Ý_600_6_05\²É¼¯Í¼Æ¬Êý¾Ý_600_6_10\600_6_10_126.bmp 482.063 241.875 9.37426 00
F:\Exp\4×é²»Í¬ÖÜÆÚ±ä¾àÊµÑéÊý¾Ý\Ô­Ê¼Í¼ÏñÊý¾Ý\²É¼¯Í¼Æ¬Êý¾Ý_600_6_05\²É¼¯Í¼Æ¬Êý¾Ý_600_6_10\600_6_10_127.bmp 464.125 243.375 9.37887 00
F:\Exp\4×é²»Í¬ÖÜÆÚ±ä¾àÊµÑéÊý¾Ý\Ô­Ê¼Í¼ÏñÊý¾Ý\²É¼¯Í¼Æ¬Êý¾Ý_600_6_05\²É¼¯Í¼Æ¬Êý¾Ý_600_6_10\600_6_10_128.bmp 464.125 243.375 9.37887 00
F:\Exp\4×é²»Í¬ÖÜÆÚ±ä¾àÊµÑéÊý¾Ý\Ô­Ê¼Í¼ÏñÊý¾Ý\²É¼¯Í¼Æ¬Êý¾Ý_600_6_05\²É¼¯Í¼Æ¬Êý¾Ý_600_6_10\600_6_10_129.bmp 482.25 244.25 9.18419 00
F:\Exp\4×é²»Í¬ÖÜÆÚ±ä¾àÊµÑéÊý¾Ý\Ô­Ê¼Í¼ÏñÊý¾Ý\²É¼¯Í¼Æ¬Êý¾Ý_600_6_05\²É¼¯Í¼Æ¬Êý¾Ý_600_6_10\600_6_10_13.bmp 502.063 264 9.5416 00
F:\Exp\4×é²»Í¬ÖÜÆÚ±ä¾àÊµÑéÊý¾Ý\Ô­Ê¼Í¼ÏñÊý¾Ý\²É¼¯Í¼Æ¬Êý¾Ý_600_6_05\²É¼¯Í¼Æ¬Êý¾Ý_600_6_10\600_6_10_130.bmp 482.25 244.25 9.18419 00
F:\Exp\4×é²»Í¬ÖÜÆÚ±ä¾àÊµÑéÊý¾Ý\Ô­Ê¼Í¼ÏñÊý¾Ý\²É¼¯Í¼Æ¬Êý¾Ý_600_6_05\²É¼¯Í¼Æ¬Êý¾Ý_600_6_10\600_6_10_131.bmp 465.732 245.25 9.3293 00
F:\Exp\4×é²»Í¬ÖÜÆÚ±ä¾àÊµÑéÊý¾Ý\Ô­Ê¼Í¼ÏñÊý¾Ý\²É¼¯Í¼Æ¬Êý¾Ý_600_6_05\²É¼¯Í¼Æ¬Êý¾Ý_600_6_10\600_6_10_132.bmp 465.732 245.25 9.3293 00
F:\Exp\4×é²»Í¬ÖÜÆÚ±ä¾àÊµÑéÊý¾Ý\Ô­Ê¼Í¼ÏñÊý¾Ý\²É¼¯Í¼Æ¬Êý¾Ý_600_6_05\²É¼¯Í¼Æ¬Êý¾Ý_600_6_10\600_6_10_133.bmp 482.313 246.875 9.35588 00
F:\Exp\4×é²»Í¬ÖÜÆÚ±ä¾àÊµÑéÊý¾Ý\Ô­Ê¼Í¼ÏñÊý¾Ý\²É¼¯Í¼Æ¬Êý¾Ý_600_6_05\²É¼¯Í¼Æ¬Êý¾Ý_600_6_10\600_6_10_134.bmp 482.313 246.875 9.35588 00
F:\Exp\4×é²»Í¬ÖÜÆÚ±ä¾àÊµÑéÊý¾Ý\Ô­Ê¼Í¼ÏñÊý¾Ý\²É¼¯Í¼Æ¬Êý¾Ý_600_6_05\²É¼¯Í¼Æ¬Êý¾Ý_600_6_10\600_6_10_135.bmp 465.813 244.875 9.50502 00
F:\Exp\4×é²»Í¬ÖÜÆÚ±ä¾àÊµÑéÊý¾Ý\Ô­Ê¼Í¼ÏñÊý¾Ý\²É¼¯Í¼Æ¬Êý¾Ý_600_6_05\²É¼¯Í¼Æ¬Êý¾Ý_600_6_10\600_6_10_136.bmp 465.813 244.875 9.50502 00
F:\Exp\4×é²»Í¬ÖÜÆÚ±ä¾àÊµÑéÊý¾Ý\Ô­Ê¼Í¼ÏñÊý¾Ý\²É¼¯Í¼Æ¬Êý¾Ý_600_6_05\²É¼¯Í¼Æ¬Êý¾Ý_600_6_10\600_6_10_137.bmp 480.125 245.5 9.54629 00
F:\Exp\4×é²»Í¬ÖÜÆÚ±ä¾àÊµÑéÊý¾Ý\Ô­Ê¼Í¼ÏñÊý¾Ý\²É¼¯Í¼Æ¬Êý¾Ý_600_6_05\²É¼¯Í¼Æ¬Êý¾Ý_600_6_10\600_6_10_138.bmp 480.125 245.5 9.54629 00
F:\Exp\4×é²»Í¬ÖÜÆÚ±ä¾àÊµÑéÊý¾Ý\Ô­Ê¼Í¼ÏñÊý¾Ý\²É¼¯Í¼Æ¬Êý¾Ý_600_6_05\²É¼¯Í¼Æ¬Êý¾Ý_600_6_10\600_6_10_139.bmp 481.688 243.875 9.49556 00
F:\Exp\4×é²»Í¬ÖÜÆÚ±ä¾àÊµÑéÊý¾Ý\Ô­Ê¼Í¼ÏñÊý¾Ý\²É¼¯Í¼Æ¬Êý¾Ý_600_6_05\²É¼¯Í¼Æ¬Êý¾Ý_600_6_10\600_6_10_14.bmp 502.063 264 9.5416 00
F:\Exp\4×é²»Í¬ÖÜÆÚ±ä¾àÊµÑéÊý¾Ý\Ô­Ê¼Í¼ÏñÊý¾Ý\²É¼¯Í¼Æ¬Êý¾Ý_600_6_05\²É¼¯Í¼Æ¬Êý¾Ý_600_6_10\600_6_10_140.bmp 481.688 243.875 9.49556 00
F:\Exp\4×é²»Í¬ÖÜÆÚ±ä¾àÊµÑéÊý¾Ý\Ô­Ê¼Í¼ÏñÊý¾Ý\²É¼¯Í¼Æ¬Êý¾Ý_600_6_05\²É¼¯Í¼Æ¬Êý¾Ý_600_6_10\600_6_10_141.bmp 466.188 242.125 9.71831 00
F:\Exp\4×é²»Í¬ÖÜÆÚ±ä¾àÊµÑéÊý¾Ý\Ô­Ê¼Í¼ÏñÊý¾Ý\²É¼¯Í¼Æ¬Êý¾Ý_600_6_05\²É¼¯Í¼Æ¬Êý¾Ý_600_6_10\600_6_10_142.bmp 466.188 242.125 9.71831 00
F:\Exp\4×é²»Í¬ÖÜÆÚ±ä¾àÊµÑéÊý¾Ý\Ô­Ê¼Í¼ÏñÊý¾Ý\²É¼¯Í¼Æ¬Êý¾Ý_600_6_05\²É¼¯Í¼Æ¬Êý¾Ý_600_6_10\600_6_10_143.bmp 480.063 240.875 9.37426 00
F:\Exp\4×é²»Í¬ÖÜÆÚ±ä¾àÊµÑéÊý¾Ý\Ô­Ê¼Í¼ÏñÊý¾Ý\²É¼¯Í¼Æ¬Êý¾Ý_600_6_05\²É¼¯Í¼Æ¬Êý¾Ý_600_6_10\600_6_10_144.bmp 480.063 240.875 9.37426 00
F:\Exp\4×é²»Í¬ÖÜÆÚ±ä¾àÊµÑéÊý¾Ý\Ô­Ê¼Í¼ÏñÊý¾Ý\²É¼¯Í¼Æ¬Êý¾Ý_600_6_05\²É¼¯Í¼Æ¬Êý¾Ý_600_6_10\600_6_10_145.bmp 463.688 241.875 9.49556 00
F:\Exp\4×é²»Í¬ÖÜÆÚ±ä¾àÊµÑéÊý¾Ý\Ô­Ê¼Í¼ÏñÊý¾Ý\²É¼¯Í¼Æ¬Êý¾Ý_600_6_05\²É¼¯Í¼Æ¬Êý¾Ý_600_6_10\600_6_10_146.bmp 477.813 240.875 9.50502 00
F:\Exp\4×é²»Í¬ÖÜÆÚ±ä¾àÊµÑéÊý¾Ý\Ô­Ê¼Í¼ÏñÊý¾Ý\²É¼¯Í¼Æ¬Êý¾Ý_600_6_05\²É¼¯Í¼Æ¬Êý¾Ý_600_6_10\600_6_10_147.bmp 477.813 240.875 9.50502 00
F:\Exp\4×é²»Í¬ÖÜÆÚ±ä¾àÊµÑéÊý¾Ý\Ô­Ê¼Í¼ÏñÊý¾Ý\²É¼¯Í¼Æ¬Êý¾Ý_600_6_05\²É¼¯Í¼Æ¬Êý¾Ý_600_6_10\600_6_10_148.bmp 481.813 240.875 9.50502 00
F:\Exp\4×é²»Í¬ÖÜÆÚ±ä¾àÊµÑéÊý¾Ý\Ô­Ê¼Í¼ÏñÊý¾Ý\²É¼¯Í¼Æ¬Êý¾Ý_600_6_05\²É¼¯Í¼Æ¬Êý¾Ý_600_6_10\600_6_10_149.bmp 481.813 240.875 9.50502 00
F:\Exp\4×é²»Í¬ÖÜÆÚ±ä¾àÊµÑéÊý¾Ý\Ô­Ê¼Í¼ÏñÊý¾Ý\²É¼¯Í¼Æ¬Êý¾Ý_600_6_05\²É¼¯Í¼Æ¬Êý¾Ý_600_6_10\600_6_10_15.bmp 450.813 259.875 9.50502 00
F:\Exp\4×é²»Í¬ÖÜÆÚ±ä¾àÊµÑéÊý¾Ý\Ô­Ê¼Í¼ÏñÊý¾Ý\²É¼¯Í¼Æ¬Êý¾Ý_600_6_05\²É¼¯Í¼Æ¬Êý¾Ý_600_6_10\600_6_10_150.bmp 464.313 240.875 9.35588 00
F:\Exp\4×é²»Í¬ÖÜÆÚ±ä¾àÊµÑéÊý¾Ý\Ô­Ê¼Í¼ÏñÊý¾Ý\²É¼¯Í¼Æ¬Êý¾Ý_600_6_05\²É¼¯Í¼Æ¬Êý¾Ý_600_6_10\600_6_10_151.bmp 464.313 240.875 9.35588 00
F:\Exp\4×é²»Í¬ÖÜÆÚ±ä¾àÊµÑéÊý¾Ý\Ô­Ê¼Í¼ÏñÊý¾Ý\²É¼¯Í¼Æ¬Êý¾Ý_600_6_05\²É¼¯Í¼Æ¬Êý¾Ý_600_6_10\600_6_10_152.bmp 480.125 241.375 9.37887 00
F:\Exp\4×é²»Í¬ÖÜÆÚ±ä¾àÊµÑéÊý¾Ý\Ô­Ê¼Í¼ÏñÊý¾Ý\²É¼¯Í¼Æ¬Êý¾Ý_600_6_05\²É¼¯Í¼Æ¬Êý¾Ý_600_6_10\600_6_10_153.bmp 480.125 241.375 9.37887 00
F:\Exp\4×é²»Í¬ÖÜÆÚ±ä¾àÊµÑéÊý¾Ý\Ô­Ê¼Í¼ÏñÊý¾Ý\²É¼¯Í¼Æ¬Êý¾Ý_600_6_05\²É¼¯Í¼Æ¬Êý¾Ý_600_6_10\600_6_10_154.bmp 462.813 240.875 9.50502 00
F:\Exp\4×é²»Í¬ÖÜÆÚ±ä¾àÊµÑéÊý¾Ý\Ô­Ê¼Í¼ÏñÊý¾Ý\²É¼¯Í¼Æ¬Êý¾Ý_600_6_05\²É¼¯Í¼Æ¬Êý¾Ý_600_6_10\600_6_10_155.bmp 462.813 240.875 9.50502 00
F:\Exp\4×é²»Í¬ÖÜÆÚ±ä¾àÊµÑéÊý¾Ý\Ô­Ê¼Í¼ÏñÊý¾Ý\²É¼¯Í¼Æ¬Êý¾Ý_600_6_05\²É¼¯Í¼Æ¬Êý¾Ý_600_6_10\600_6_10_156.bmp 480.188 242 9.55098 00
F:\Exp\4×é²»Í¬ÖÜÆÚ±ä¾àÊµÑéÊý¾Ý\Ô­Ê¼Í¼ÏñÊý¾Ý\²É¼¯Í¼Æ¬Êý¾Ý_600_6_05\²É¼¯Í¼Æ¬Êý¾Ý_600_6_10\600_6_10_157.bmp 480.188 242 9.55098 00
F:\Exp\4×é²»Í¬ÖÜÆÚ±ä¾àÊµÑéÊý¾Ý\Ô­Ê¼Í¼ÏñÊý¾Ý\²É¼¯Í¼Æ¬Êý¾Ý_600_6_05\²É¼¯Í¼Æ¬Êý¾Ý_600_6_10\600_6_10_158.bmp 467.813 240.875 9.50502 00
F:\Exp\4×é²»Í¬ÖÜÆÚ±ä¾àÊµÑéÊý¾Ý\Ô­Ê¼Í¼ÏñÊý¾Ý\²É¼¯Í¼Æ¬Êý¾Ý_600_6_05\²É¼¯Í¼Æ¬Êý¾Ý_600_6_10\600_6_10_159.bmp 467.813 240.875 9.50502 00
F:\Exp\4×é²»Í¬ÖÜÆÚ±ä¾àÊµÑéÊý¾Ý\Ô­Ê¼Í¼ÏñÊý¾Ý\²É¼¯Í¼Æ¬Êý¾Ý_600_6_05\²É¼¯Í¼Æ¬Êý¾Ý_600_6_10\600_6_10_16.bmp 450.813 259.875 9.50502 00
F:\Exp\4×é²»Í¬ÖÜÆÚ±ä¾àÊµÑéÊý¾Ý\Ô­Ê¼Í¼ÏñÊý¾Ý\²É¼¯Í¼Æ¬Êý¾Ý_600_6_05\²É¼¯Í¼Æ¬Êý¾Ý_600_6_10\600_6_10_160.bmp 484.063 241.875 9.37426 00
F:\Exp\4×é²»Í¬ÖÜÆÚ±ä¾àÊµÑéÊý¾Ý\Ô­Ê¼Í¼ÏñÊý¾Ý\²É¼¯Í¼Æ¬Êý¾Ý_600_6_05\²É¼¯Í¼Æ¬Êý¾Ý_600_6_10\600_6_10_161.bmp 484.063 241.875 9.37426 00
F:\Exp\4×é²»Í¬ÖÜÆÚ±ä¾àÊµÑéÊý¾Ý\Ô­Ê¼Í¼ÏñÊý¾Ý\²É¼¯Í¼Æ¬Êý¾Ý_600_6_05\²É¼¯Í¼Æ¬Êý¾Ý_600_6_10\600_6_10_162.bmp 474.188 242.125 9.71831 00
F:\Exp\4×é²»Í¬ÖÜÆÚ±ä¾àÊµÑéÊý¾Ý\Ô­Ê¼Í¼ÏñÊý¾Ý\²É¼¯Í¼Æ¬Êý¾Ý_600_6_05\²É¼¯Í¼Æ¬Êý¾Ý_600_6_10\600_6_10_163.bmp 474.188 242.125 9.71831 00
F:\Exp\4×é²»Í¬ÖÜÆÚ±ä¾àÊµÑéÊý¾Ý\Ô­Ê¼Í¼ÏñÊý¾Ý\²É¼¯Í¼Æ¬Êý¾Ý_600_6_05\²É¼¯Í¼Æ¬Êý¾Ý_600_6_10\600_6_10_164.bmp 470.839 242.5 9.67667 00
F:\Exp\4×é²»Í¬ÖÜÆÚ±ä¾àÊµÑéÊý¾Ý\Ô­Ê¼Í¼ÏñÊý¾Ý\²É¼¯Í¼Æ¬Êý¾Ý_600_6_05\²É¼¯Í¼Æ¬Êý¾Ý_600_6_10\600_6_10_165.bmp 470.839 242.5 9.67667 00
F:\Exp\4×é²»Í¬ÖÜÆÚ±ä¾àÊµÑéÊý¾Ý\Ô­Ê¼Í¼ÏñÊý¾Ý\²É¼¯Í¼Æ¬Êý¾Ý_600_6_05\²É¼¯Í¼Æ¬Êý¾Ý_600_6_10\600_6_10_166.bmp 468.232 242.625 9.72172 00
F:\Exp\4×é²»Í¬ÖÜÆÚ±ä¾àÊµÑéÊý¾Ý\Ô­Ê¼Í¼ÏñÊý¾Ý\²É¼¯Í¼Æ¬Êý¾Ý_600_6_05\²É¼¯Í¼Æ¬Êý¾Ý_600_6_10\600_6_10_167.bmp 468.232 242.625 9.72172 00
F:\Exp\4×é²»Í¬ÖÜÆÚ±ä¾àÊµÑéÊý¾Ý\Ô­Ê¼Í¼ÏñÊý¾Ý\²É¼¯Í¼Æ¬Êý¾Ý_600_6_05\²É¼¯Í¼Æ¬Êý¾Ý_600_6_10\600_6_10_168.bmp 488.313 243.875 9.35588 00
F:\Exp\4×é²»Í¬ÖÜÆÚ±ä¾àÊµÑéÊý¾Ý\Ô­Ê¼Í¼ÏñÊý¾Ý\²É¼¯Í¼Æ¬Êý¾Ý_600_6_05\²É¼¯Í¼Æ¬Êý¾Ý_600_6_10\600_6_10_169.bmp 488.313 243.875 9.35588 00
F:\Exp\4×é²»Í¬ÖÜÆÚ±ä¾àÊµÑéÊý¾Ý\Ô­Ê¼Í¼ÏñÊý¾Ý\²É¼¯Í¼Æ¬Êý¾Ý_600_6_05\²É¼¯Í¼Æ¬Êý¾Ý_600_6_10\600_6_10_17.bmp 484.313 260.875 9.35588 00
F:\Exp\4×é²»Í¬ÖÜÆÚ±ä¾àÊµÑéÊý¾Ý\Ô­Ê¼Í¼ÏñÊý¾Ý\²É¼¯Í¼Æ¬Êý¾Ý_600_6_05\²É¼¯Í¼Æ¬Êý¾Ý_600_6_10\600_6_10_170.bmp 474.125 244.375 9.37887 00
F:\Exp\4×é²»Í¬ÖÜÆÚ±ä¾àÊµÑéÊý¾Ý\Ô­Ê¼Í¼ÏñÊý¾Ý\²É¼¯Í¼Æ¬Êý¾Ý_600_6_05\²É¼¯Í¼Æ¬Êý¾Ý_600_6_10\600_6_10_171.bmp 474.125 244.375 9.37887 00
F:\Exp\4×é²»Í¬ÖÜÆÚ±ä¾àÊµÑéÊý¾Ý\Ô­Ê¼Í¼ÏñÊý¾Ý\²É¼¯Í¼Æ¬Êý¾Ý_600_6_05\²É¼¯Í¼Æ¬Êý¾Ý_600_6_10\600_6_10_172.bmp 473.732 245.25 9.3293 00
F:\Exp\4×é²»Í¬ÖÜÆÚ±ä¾àÊµÑéÊý¾Ý\Ô­Ê¼Í¼ÏñÊý¾Ý\²É¼¯Í¼Æ¬Êý¾Ý_600_6_05\²É¼¯Í¼Æ¬Êý¾Ý_600_6_10\600_6_10_173.bmp 473.732 245.25 9.3293 00
F:\Exp\4×é²»Í¬ÖÜÆÚ±ä¾àÊµÑéÊý¾Ý\Ô­Ê¼Í¼ÏñÊý¾Ý\²É¼¯Í¼Æ¬Êý¾Ý_600_6_05\²É¼¯Í¼Æ¬Êý¾Ý_600_6_10\600_6_10_174.bmp 470.839 246.375 9.50705 00
F:\Exp\4×é²»Í¬ÖÜÆÚ±ä¾àÊµÑéÊý¾Ý\Ô­Ê¼Í¼ÏñÊý¾Ý\²É¼¯Í¼Æ¬Êý¾Ý_600_6_05\²É¼¯Í¼Æ¬Êý¾Ý_600_6_10\600_6_10_175.bmp 470.839 246.375 9.50705 00
F:\Exp\4×é²»Í¬ÖÜÆÚ±ä¾àÊµÑéÊý¾Ý\Ô­Ê¼Í¼ÏñÊý¾Ý\²É¼¯Í¼Æ¬Êý¾Ý_600_6_05\²É¼¯Í¼Æ¬Êý¾Ý_600_6_10\600_6_10_176.bmp 470.313 246.875 9.35588 00
F:\Exp\4×é²»Í¬ÖÜÆÚ±ä¾àÊµÑéÊý¾Ý\Ô­Ê¼Í¼ÏñÊý¾Ý\²É¼¯Í¼Æ¬Êý¾Ý_600_6_05\²É¼¯Í¼Æ¬Êý¾Ý_600_6_10\600_6_10_177.bmp 470.313 246.875 9.35588 00
F:\Exp\4×é²»Í¬ÖÜÆÚ±ä¾àÊµÑéÊý¾Ý\Ô­Ê¼Í¼ÏñÊý¾Ý\²É¼¯Í¼Æ¬Êý¾Ý_600_6_05\²É¼¯Í¼Æ¬Êý¾Ý_600_6_10\600_6_10_178.bmp 464.732 244.25 9.3293 00
F:\Exp\4×é²»Í¬ÖÜÆÚ±ä¾àÊµÑéÊý¾Ý\Ô­Ê¼Í¼ÏñÊý¾Ý\²É¼¯Í¼Æ¬Êý¾Ý_600_6_05\²É¼¯Í¼Æ¬Êý¾Ý_600_6_10\600_6_10_179.bmp 464.732 244.25 9.3293 00
F:\Exp\4×é²»Í¬ÖÜÆÚ±ä¾àÊµÑéÊý¾Ý\Ô­Ê¼Í¼ÏñÊý¾Ý\²É¼¯Í¼Æ¬Êý¾Ý_600_6_05\²É¼¯Í¼Æ¬Êý¾Ý_600_6_10\600_6_10_18.bmp 484.313 260.875 9.35588 00
F:\Exp\4×é²»Í¬ÖÜÆÚ±ä¾àÊµÑéÊý¾Ý\Ô­Ê¼Í¼ÏñÊý¾Ý\²É¼¯Í¼Æ¬Êý¾Ý_600_6_05\²É¼¯Í¼Æ¬Êý¾Ý_600_6_10\600_6_10_180.bmp 486.063 243.875 9.37426 00
F:\Exp\4×é²»Í¬ÖÜÆÚ±ä¾àÊµÑéÊý¾Ý\Ô­Ê¼Í¼ÏñÊý¾Ý\²É¼¯Í¼Æ¬Êý¾Ý_600_6_05\²É¼¯Í¼Æ¬Êý¾Ý_600_6_10\600_6_10_181.bmp 486.063 243.875 9.37426 00
F:\Exp\4×é²»Í¬ÖÜÆÚ±ä¾àÊµÑéÊý¾Ý\Ô­Ê¼Í¼ÏñÊý¾Ý\²É¼¯Í¼Æ¬Êý¾Ý_600_6_05\²É¼¯Í¼Æ¬Êý¾Ý_600_6_10\600_6_10_182.bmp 470.063 245.875 9.37426 00
F:\Exp\4×é²»Í¬ÖÜÆÚ±ä¾àÊµÑéÊý¾Ý\Ô­Ê¼Í¼ÏñÊý¾Ý\²É¼¯Í¼Æ¬Êý¾Ý_600_6_05\²É¼¯Í¼Æ¬Êý¾Ý_600_6_10\600_6_10_183.bmp 470.063 245.875 9.37426 00
F:\Exp\4×é²»Í¬ÖÜÆÚ±ä¾àÊµÑéÊý¾Ý\Ô­Ê¼Í¼ÏñÊý¾Ý\²É¼¯Í¼Æ¬Êý¾Ý_600_6_05\²É¼¯Í¼Æ¬Êý¾Ý_600_6_10\600_6_10_184.bmp 466.688 247.625 9.15623 00
F:\Exp\4×é²»Í¬ÖÜÆÚ±ä¾àÊµÑéÊý¾Ý\Ô­Ê¼Í¼ÏñÊý¾Ý\²É¼¯Í¼Æ¬Êý¾Ý_600_6_05\²É¼¯Í¼Æ¬Êý¾Ý_600_6_10\600_6_10_185.bmp 466.688 247.625 9.15623 00
F:\Exp\4×é²»Í¬ÖÜÆÚ±ä¾àÊµÑéÊý¾Ý\Ô­Ê¼Í¼ÏñÊý¾Ý\²É¼¯Í¼Æ¬Êý¾Ý_600_6_05\²É¼¯Í¼Æ¬Êý¾Ý_600_6_10\600_6_10_186.bmp 482.125 247.5 9.54629 00
F:\Exp\4×é²»Í¬ÖÜÆÚ±ä¾àÊµÑéÊý¾Ý\Ô­Ê¼Í¼ÏñÊý¾Ý\²É¼¯Í¼Æ¬Êý¾Ý_600_6_05\²É¼¯Í¼Æ¬Êý¾Ý_600_6_10\600_6_10_187.bmp 482.125 247.5 9.54629 00
F:\Exp\4×é²»Í¬ÖÜÆÚ±ä¾àÊµÑéÊý¾Ý\Ô­Ê¼Í¼ÏñÊý¾Ý\²É¼¯Í¼Æ¬Êý¾Ý_600_6_05\²É¼¯Í¼Æ¬Êý¾Ý_600_6_10\600_6_10_188.bmp 468.4 246.5 9.52943 00
F:\Exp\4×é²»Í¬ÖÜÆÚ±ä¾àÊµÑéÊý¾Ý\Ô­Ê¼Í¼ÏñÊý¾Ý\²É¼¯Í¼Æ¬Êý¾Ý_600_6_05\²É¼¯Í¼Æ¬Êý¾Ý_600_6_10\600_6_10_189.bmp 468.4 246.5 9.52943 00
F:\Exp\4×é²»Í¬ÖÜÆÚ±ä¾àÊµÑéÊý¾Ý\Ô­Ê¼Í¼ÏñÊý¾Ý\²É¼¯Í¼Æ¬Êý¾Ý_600_6_05\²É¼¯Í¼Æ¬Êý¾Ý_600_6_10\600_6_10_19.bmp 462.525 260.375 9.33482 00
F:\Exp\4×é²»Í¬ÖÜÆÚ±ä¾àÊµÑéÊý¾Ý\Ô­Ê¼Í¼ÏñÊý¾Ý\²É¼¯Í¼Æ¬Êý¾Ý_600_6_05\²É¼¯Í¼Æ¬Êý¾Ý_600_6_10\600_6_10_190.bmp 461.813 246.875 9.50502 00
F:\Exp\4×é²»Í¬ÖÜÆÚ±ä¾àÊµÑéÊý¾Ý\Ô­Ê¼Í¼ÏñÊý¾Ý\²É¼¯Í¼Æ¬Êý¾Ý_600_6_05\²É¼¯Í¼Æ¬Êý¾Ý_600_6_10\600_6_10_191.bmp 461.813 246.875 9.50502 00
F:\Exp\4×é²»Í¬ÖÜÆÚ±ä¾àÊµÑéÊý¾Ý\Ô­Ê¼Í¼ÏñÊý¾Ý\²É¼¯Í¼Æ¬Êý¾Ý_600_6_05\²É¼¯Í¼Æ¬Êý¾Ý_600_6_10\600_6_10_192.bmp 482.125 247.5 9.54629 00
F:\Exp\4×é²»Í¬ÖÜÆÚ±ä¾àÊµÑéÊý¾Ý\Ô­Ê¼Í¼ÏñÊý¾Ý\²É¼¯Í¼Æ¬Êý¾Ý_600_6_05\²É¼¯Í¼Æ¬Êý¾Ý_600_6_10\600_6_10_193.bmp 482.125 247.5 9.54629 00
F:\Exp\4×é²»Í¬ÖÜÆÚ±ä¾àÊµÑéÊý¾Ý\Ô­Ê¼Í¼ÏñÊý¾Ý\²É¼¯Í¼Æ¬Êý¾Ý_600_6_05\²É¼¯Í¼Æ¬Êý¾Ý_600_6_10\600_6_10_194.bmp 464.813 244.875 9.50502 00
F:\Exp\4×é²»Í¬ÖÜÆÚ±ä¾àÊµÑéÊý¾Ý\Ô­Ê¼Í¼ÏñÊý¾Ý\²É¼¯Í¼Æ¬Êý¾Ý_600_6_05\²É¼¯Í¼Æ¬Êý¾Ý_600_6_10\600_6_10_195.bmp 464.813 244.875 9.50502 00
F:\Exp\4×é²»Í¬ÖÜÆÚ±ä¾àÊµÑéÊý¾Ý\Ô­Ê¼Í¼ÏñÊý¾Ý\²É¼¯Í¼Æ¬Êý¾Ý_600_6_05\²É¼¯Í¼Æ¬Êý¾Ý_600_6_10\600_6_10_196.bmp 482.964 244.25 9.30942 00
F:\Exp\4×é²»Í¬ÖÜÆÚ±ä¾àÊµÑéÊý¾Ý\Ô­Ê¼Í¼ÏñÊý¾Ý\²É¼¯Í¼Æ¬Êý¾Ý_600_6_05\²É¼¯Í¼Æ¬Êý¾Ý_600_6_10\600_6_10_197.bmp 482.964 244.25 9.30942 00
F:\Exp\4×é²»Í¬ÖÜÆÚ±ä¾àÊµÑéÊý¾Ý\Ô­Ê¼Í¼ÏñÊý¾Ý\²É¼¯Í¼Æ¬Êý¾Ý_600_6_05\²É¼¯Í¼Æ¬Êý¾Ý_600_6_10\600_6_10_198.bmp 464.525 243.375 9.33482 00
F:\Exp\4×é²»Í¬ÖÜÆÚ±ä¾àÊµÑéÊý¾Ý\Ô­Ê¼Í¼ÏñÊý¾Ý\²É¼¯Í¼Æ¬Êý¾Ý_600_6_05\²É¼¯Í¼Æ¬Êý¾Ý_600_6_10\600_6_10_199.bmp 464.525 243.375 9.33482 00
F:\Exp\4×é²»Í¬ÖÜÆÚ±ä¾àÊµÑéÊý¾Ý\Ô­Ê¼Í¼ÏñÊý¾Ý\²É¼¯Í¼Æ¬Êý¾Ý_600_6_05\²É¼¯Í¼Æ¬Êý¾Ý_600_6_10\600_6_10_2.bmp 490.188 267.125 9.71831 00
F:\Exp\4×é²»Í¬ÖÜÆÚ±ä¾àÊµÑéÊý¾Ý\Ô­Ê¼Í¼ÏñÊý¾Ý\²É¼¯Í¼Æ¬Êý¾Ý_600_6_05\²É¼¯Í¼Æ¬Êý¾Ý_600_6_10\600_6_10_20.bmp 462.525 260.375 9.33482 00
F:\Exp\4×é²»Í¬ÖÜÆÚ±ä¾àÊµÑéÊý¾Ý\Ô­Ê¼Í¼ÏñÊý¾Ý\²É¼¯Í¼Æ¬Êý¾Ý_600_6_05\²É¼¯Í¼Æ¬Êý¾Ý_600_6_10\600_6_10_200.bmp 483.732 243.25 9.3293 00
F:\Exp\4×é²»Í¬ÖÜÆÚ±ä¾àÊµÑéÊý¾Ý\Ô­Ê¼Í¼ÏñÊý¾Ý\²É¼¯Í¼Æ¬Êý¾Ý_600_6_05\²É¼¯Í¼Æ¬Êý¾Ý_600_6_10\600_6_10_201.bmp 483.732 243.25 9.3293 00
F:\Exp\4×é²»Í¬ÖÜÆÚ±ä¾àÊµÑéÊý¾Ý\Ô­Ê¼Í¼ÏñÊý¾Ý\²É¼¯Í¼Æ¬Êý¾Ý_600_6_05\²É¼¯Í¼Æ¬Êý¾Ý_600_6_10\600_6_10_202.bmp 468.313 242.875 9.35588 00
F:\Exp\4×é²»Í¬ÖÜÆÚ±ä¾àÊµÑéÊý¾Ý\Ô­Ê¼Í¼ÏñÊý¾Ý\²É¼¯Í¼Æ¬Êý¾Ý_600_6_05\²É¼¯Í¼Æ¬Êý¾Ý_600_6_10\600_6_10_203.bmp 468.313 242.875 9.35588 00
F:\Exp\4×é²»Í¬ÖÜÆÚ±ä¾àÊµÑéÊý¾Ý\Ô­Ê¼Í¼ÏñÊý¾Ý\²É¼¯Í¼Æ¬Êý¾Ý_600_6_05\²É¼¯Í¼Æ¬Êý¾Ý_600_6_10\600_6_10_204.bmp 487.625 244.25 9.32134 00
F:\Exp\4×é²»Í¬ÖÜÆÚ±ä¾àÊµÑéÊý¾Ý\Ô­Ê¼Í¼ÏñÊý¾Ý\²É¼¯Í¼Æ¬Êý¾Ý_600_6_05\²É¼¯Í¼Æ¬Êý¾Ý_600_6_10\600_6_10_205.bmp 487.625 244.25 9.32134 00
F:\Exp\4×é²»Í¬ÖÜÆÚ±ä¾àÊµÑéÊý¾Ý\Ô­Ê¼Í¼ÏñÊý¾Ý\²É¼¯Í¼Æ¬Êý¾Ý_600_6_05\²É¼¯Í¼Æ¬Êý¾Ý_600_6_10\600_6_10_206.bmp 471.732 245.25 9.3293 00
F:\Exp\4×é²»Í¬ÖÜÆÚ±ä¾àÊµÑéÊý¾Ý\Ô­Ê¼Í¼ÏñÊý¾Ý\²É¼¯Í¼Æ¬Êý¾Ý_600_6_05\²É¼¯Í¼Æ¬Êý¾Ý_600_6_10\600_6_10_207.bmp 471.732 245.25 9.3293 00
F:\Exp\4×é²»Í¬ÖÜÆÚ±ä¾àÊµÑéÊý¾Ý\Ô­Ê¼Í¼ÏñÊý¾Ý\²É¼¯Í¼Æ¬Êý¾Ý_600_6_05\²É¼¯Í¼Æ¬Êý¾Ý_600_6_10\600_6_10_208.bmp 466.688 245.75 9.32598 00
F:\Exp\4×é²»Í¬ÖÜÆÚ±ä¾àÊµÑéÊý¾Ý\Ô­Ê¼Í¼ÏñÊý¾Ý\²É¼¯Í¼Æ¬Êý¾Ý_600_6_05\²É¼¯Í¼Æ¬Êý¾Ý_600_6_10\600_6_10_209.bmp 466.688 245.75 9.32598 00
F:\Exp\4×é²»Í¬ÖÜÆÚ±ä¾àÊµÑéÊý¾Ý\Ô­Ê¼Í¼ÏñÊý¾Ý\²É¼¯Í¼Æ¬Êý¾Ý_600_6_05\²É¼¯Í¼Æ¬Êý¾Ý_600_6_10\600_6_10_21.bmp 487.975 262.25 9.20044 00
F:\Exp\4×é²»Í¬ÖÜÆÚ±ä¾àÊµÑéÊý¾Ý\Ô­Ê¼Í¼ÏñÊý¾Ý\²É¼¯Í¼Æ¬Êý¾Ý_600_6_05\²É¼¯Í¼Æ¬Êý¾Ý_600_6_10\600_6_10_210.bmp 484.063 246.75 9.20677 00
F:\Exp\4×é²»Í¬ÖÜÆÚ±ä¾àÊµÑéÊý¾Ý\Ô­Ê¼Í¼ÏñÊý¾Ý\²É¼¯Í¼Æ¬Êý¾Ý_600_6_05\²É¼¯Í¼Æ¬Êý¾Ý_600_6_10\600_6_10_211.bmp 484.063 246.75 9.20677 00
F:\Exp\4×é²»Í¬ÖÜÆÚ±ä¾àÊµÑéÊý¾Ý\Ô­Ê¼Í¼ÏñÊý¾Ý\²É¼¯Í¼Æ¬Êý¾Ý_600_6_05\²É¼¯Í¼Æ¬Êý¾Ý_600_6_10\600_6_10_212.bmp 472.125 247.375 9.37887 00
F:\Exp\4×é²»Í¬ÖÜÆÚ±ä¾àÊµÑéÊý¾Ý\Ô­Ê¼Í¼ÏñÊý¾Ý\²É¼¯Í¼Æ¬Êý¾Ý_600_6_05\²É¼¯Í¼Æ¬Êý¾Ý_600_6_10\600_6_10_213.bmp 472.125 247.375 9.37887 00
F:\Exp\4×é²»Í¬ÖÜÆÚ±ä¾àÊµÑéÊý¾Ý\Ô­Ê¼Í¼ÏñÊý¾Ý\²É¼¯Í¼Æ¬Êý¾Ý_600_6_05\²É¼¯Í¼Æ¬Êý¾Ý_600_6_10\600_6_10_214.bmp 465.688 245.625 9.15623 00
F:\Exp\4×é²»Í¬ÖÜÆÚ±ä¾àÊµÑéÊý¾Ý\Ô­Ê¼Í¼ÏñÊý¾Ý\²É¼¯Í¼Æ¬Êý¾Ý_600_6_05\²É¼¯Í¼Æ¬Êý¾Ý_600_6_10\600_6_10_215.bmp 465.688 245.625 9.15623 00
F:\Exp\4×é²»Í¬ÖÜÆÚ±ä¾àÊµÑéÊý¾Ý\Ô­Ê¼Í¼ÏñÊý¾Ý\²É¼¯Í¼Æ¬Êý¾Ý_600_6_05\²É¼¯Í¼Æ¬Êý¾Ý_600_6_10\600_6_10_216.bmp 486.25 244.25 9.18419 00
F:\Exp\4×é²»Í¬ÖÜÆÚ±ä¾àÊµÑéÊý¾Ý\Ô­Ê¼Í¼ÏñÊý¾Ý\²É¼¯Í¼Æ¬Êý¾Ý_600_6_05\²É¼¯Í¼Æ¬Êý¾Ý_600_6_10\600_6_10_217.bmp 486.25 244.25 9.18419 00
F:\Exp\4×é²»Í¬ÖÜÆÚ±ä¾àÊµÑéÊý¾Ý\Ô­Ê¼Í¼ÏñÊý¾Ý\²É¼¯Í¼Æ¬Êý¾Ý_600_6_05\²É¼¯Í¼Æ¬Êý¾Ý_600_6_10\600_6_10_218.bmp 470.688 243.625 9.15623 00
F:\Exp\4×é²»Í¬ÖÜÆÚ±ä¾àÊµÑéÊý¾Ý\Ô­Ê¼Í¼ÏñÊý¾Ý\²É¼¯Í¼Æ¬Êý¾Ý_600_6_05\²É¼¯Í¼Æ¬Êý¾Ý_600_6_10\600_6_10_219.bmp 470.688 243.625 9.15623 00
F:\Exp\4×é²»Í¬ÖÜÆÚ±ä¾àÊµÑéÊý¾Ý\Ô­Ê¼Í¼ÏñÊý¾Ý\²É¼¯Í¼Æ¬Êý¾Ý_600_6_05\²É¼¯Í¼Æ¬Êý¾Ý_600_6_10\600_6_10_22.bmp 487.975 262.25 9.20044 00
F:\Exp\4×é²»Í¬ÖÜÆÚ±ä¾àÊµÑéÊý¾Ý\Ô­Ê¼Í¼ÏñÊý¾Ý\²É¼¯Í¼Æ¬Êý¾Ý_600_6_05\²É¼¯Í¼Æ¬Êý¾Ý_600_6_10\600_6_10_220.bmp 470.313 245.875 9.35588 00
F:\Exp\4×é²»Í¬ÖÜÆÚ±ä¾àÊµÑéÊý¾Ý\Ô­Ê¼Í¼ÏñÊý¾Ý\²É¼¯Í¼Æ¬Êý¾Ý_600_6_05\²É¼¯Í¼Æ¬Êý¾Ý_600_6_10\600_6_10_221.bmp 470.313 245.875 9.35588 00
F:\Exp\4×é²»Í¬ÖÜÆÚ±ä¾àÊµÑéÊý¾Ý\Ô­Ê¼Í¼ÏñÊý¾Ý\²É¼¯Í¼Æ¬Êý¾Ý_600_6_05\²É¼¯Í¼Æ¬Êý¾Ý_600_6_10\600_6_10_222.bmp 463.688 245.625 9.15623 00
F:\Exp\4×é²»Í¬ÖÜÆÚ±ä¾àÊµÑéÊý¾Ý\Ô­Ê¼Í¼ÏñÊý¾Ý\²É¼¯Í¼Æ¬Êý¾Ý_600_6_05\²É¼¯Í¼Æ¬Êý¾Ý_600_6_10\600_6_10_223.bmp 463.688 245.625 9.15623 00
F:\Exp\4×é²»Í¬ÖÜÆÚ±ä¾àÊµÑéÊý¾Ý\Ô­Ê¼Í¼ÏñÊý¾Ý\²É¼¯Í¼Æ¬Êý¾Ý_600_6_05\²É¼¯Í¼Æ¬Êý¾Ý_600_6_10\600_6_10_224.bmp 482.357 244.5 9.52623 00
F:\Exp\4×é²»Í¬ÖÜÆÚ±ä¾àÊµÑéÊý¾Ý\Ô­Ê¼Í¼ÏñÊý¾Ý\²É¼¯Í¼Æ¬Êý¾Ý_600_6_05\²É¼¯Í¼Æ¬Êý¾Ý_600_6_10\600_6_10_225.bmp 482.357 244.5 9.52623 00
F:\Exp\4×é²»Í¬ÖÜÆÚ±ä¾àÊµÑéÊý¾Ý\Ô­Ê¼Í¼ÏñÊý¾Ý\²É¼¯Í¼Æ¬Êý¾Ý_600_6_05\²É¼¯Í¼Æ¬Êý¾Ý_600_6_10\600_6_10_226.bmp 466.839 244.375 9.50705 00
F:\Exp\4×é²»Í¬ÖÜÆÚ±ä¾àÊµÑéÊý¾Ý\Ô­Ê¼Í¼ÏñÊý¾Ý\²É¼¯Í¼Æ¬Êý¾Ý_600_6_05\²É¼¯Í¼Æ¬Êý¾Ý_600_6_10\600_6_10_227.bmp 466.839 244.375 9.50705 00
F:\Exp\4×é²»Í¬ÖÜÆÚ±ä¾àÊµÑéÊý¾Ý\Ô­Ê¼Í¼ÏñÊý¾Ý\²É¼¯Í¼Æ¬Êý¾Ý_600_6_05\²É¼¯Í¼Æ¬Êý¾Ý_600_6_10\600_6_10_228.bmp 486.188 247 9.55098 00
F:\Exp\4×é²»Í¬ÖÜÆÚ±ä¾àÊµÑéÊý¾Ý\Ô­Ê¼Í¼ÏñÊý¾Ý\²É¼¯Í¼Æ¬Êý¾Ý_600_6_05\²É¼¯Í¼Æ¬Êý¾Ý_600_6_10\600_6_10_229.bmp 486.188 247 9.55098 00
F:\Exp\4×é²»Í¬ÖÜÆÚ±ä¾àÊµÑéÊý¾Ý\Ô­Ê¼Í¼ÏñÊý¾Ý\²É¼¯Í¼Æ¬Êý¾Ý_600_6_05\²É¼¯Í¼Æ¬Êý¾Ý_600_6_10\600_6_10_23.bmp 445.688 261.625 9.15623 00
F:\Exp\4×é²»Í¬ÖÜÆÚ±ä¾àÊµÑéÊý¾Ý\Ô­Ê¼Í¼ÏñÊý¾Ý\²É¼¯Í¼Æ¬Êý¾Ý_600_6_05\²É¼¯Í¼Æ¬Êý¾Ý_600_6_10\600_6_10_230.bmp 467.732 247.25 9.3293 00
F:\Exp\4×é²»Í¬ÖÜÆÚ±ä¾àÊµÑéÊý¾Ý\Ô­Ê¼Í¼ÏñÊý¾Ý\²É¼¯Í¼Æ¬Êý¾Ý_600_6_05\²É¼¯Í¼Æ¬Êý¾Ý_600_6_10\600_6_10_231.bmp 467.732 247.25 9.3293 00
F:\Exp\4×é²»Í¬ÖÜÆÚ±ä¾àÊµÑéÊý¾Ý\Ô­Ê¼Í¼ÏñÊý¾Ý\²É¼¯Í¼Æ¬Êý¾Ý_600_6_05\²É¼¯Í¼Æ¬Êý¾Ý_600_6_10\600_6_10_232.bmp 486.563 249 9.50426 00
F:\Exp\4×é²»Í¬ÖÜÆÚ±ä¾àÊµÑéÊý¾Ý\Ô­Ê¼Í¼ÏñÊý¾Ý\²É¼¯Í¼Æ¬Êý¾Ý_600_6_05\²É¼¯Í¼Æ¬Êý¾Ý_600_6_10\600_6_10_233.bmp 486.563 249 9.50426 00
F:\Exp\4×é²»Í¬ÖÜÆÚ±ä¾àÊµÑéÊý¾Ý\Ô­Ê¼Í¼ÏñÊý¾Ý\²É¼¯Í¼Æ¬Êý¾Ý_600_6_05\²É¼¯Í¼Æ¬Êý¾Ý_600_6_10\600_6_10_234.bmp 470.775 248.25 9.33248 00
F:\Exp\4×é²»Í¬ÖÜÆÚ±ä¾àÊµÑéÊý¾Ý\Ô­Ê¼Í¼ÏñÊý¾Ý\²É¼¯Í¼Æ¬Êý¾Ý_600_6_05\²É¼¯Í¼Æ¬Êý¾Ý_600_6_10\600_6_10_235.bmp 470.775 248.25 9.33248 00
F:\Exp\4×é²»Í¬ÖÜÆÚ±ä¾àÊµÑéÊý¾Ý\Ô­Ê¼Í¼ÏñÊý¾Ý\²É¼¯Í¼Æ¬Êý¾Ý_600_6_05\²É¼¯Í¼Æ¬Êý¾Ý_600_6_10\600_6_10_236.bmp 468.732 249.375 9.49894 00
F:\Exp\4×é²»Í¬ÖÜÆÚ±ä¾àÊµÑéÊý¾Ý\Ô­Ê¼Í¼ÏñÊý¾Ý\²É¼¯Í¼Æ¬Êý¾Ý_600_6_05\²É¼¯Í¼Æ¬Êý¾Ý_600_6_10\600_6_10_237.bmp 468.732 249.375 9.49894 00
F:\Exp\4×é²»Í¬ÖÜÆÚ±ä¾àÊµÑéÊý¾Ý\Ô­Ê¼Í¼ÏñÊý¾Ý\²É¼¯Í¼Æ¬Êý¾Ý_600_6_05\²É¼¯Í¼Æ¬Êý¾Ý_600_6_10\600_6_10_238.bmp 461.732 248.375 9.49894 00
F:\Exp\4×é²»Í¬ÖÜÆÚ±ä¾àÊµÑéÊý¾Ý\Ô­Ê¼Í¼ÏñÊý¾Ý\²É¼¯Í¼Æ¬Êý¾Ý_600_6_05\²É¼¯Í¼Æ¬Êý¾Ý_600_6_10\600_6_10_239.bmp 461.732 248.375 9.49894 00
F:\Exp\4×é²»Í¬ÖÜÆÚ±ä¾àÊµÑéÊý¾Ý\Ô­Ê¼Í¼ÏñÊý¾Ý\²É¼¯Í¼Æ¬Êý¾Ý_600_6_05\²É¼¯Í¼Æ¬Êý¾Ý_600_6_10\600_6_10_24.bmp 445.688 261.625 9.15623 00
F:\Exp\4×é²»Í¬ÖÜÆÚ±ä¾àÊµÑéÊý¾Ý\Ô­Ê¼Í¼ÏñÊý¾Ý\²É¼¯Í¼Æ¬Êý¾Ý_600_6_05\²É¼¯Í¼Æ¬Êý¾Ý_600_6_10\600_6_10_240.bmp 480.063 249.875 9.37426 00
F:\Exp\4×é²»Í¬ÖÜÆÚ±ä¾àÊµÑéÊý¾Ý\Ô­Ê¼Í¼ÏñÊý¾Ý\²É¼¯Í¼Æ¬Êý¾Ý_600_6_05\²É¼¯Í¼Æ¬Êý¾Ý_600_6_10\600_6_10_241.bmp 480.063 249.875 9.37426 00
F:\Exp\4×é²»Í¬ÖÜÆÚ±ä¾àÊµÑéÊý¾Ý\Ô­Ê¼Í¼ÏñÊý¾Ý\²É¼¯Í¼Æ¬Êý¾Ý_600_6_05\²É¼¯Í¼Æ¬Êý¾Ý_600_6_10\600_6_10_242.bmp 462.688 249.625 9.15623 00
F:\Exp\4×é²»Í¬ÖÜÆÚ±ä¾àÊµÑéÊý¾Ý\Ô­Ê¼Í¼ÏñÊý¾Ý\²É¼¯Í¼Æ¬Êý¾Ý_600_6_05\²É¼¯Í¼Æ¬Êý¾Ý_600_6_10\600_6_10_243.bmp 462.688 249.625 9.15623 00
F:\Exp\4×é²»Í¬ÖÜÆÚ±ä¾àÊµÑéÊý¾Ý\Ô­Ê¼Í¼ÏñÊý¾Ý\²É¼¯Í¼Æ¬Êý¾Ý_600_6_05\²É¼¯Í¼Æ¬Êý¾Ý_600_6_10\600_6_10_244.bmp 481.313 249.875 9.35588 00
F:\Exp\4×é²»Í¬ÖÜÆÚ±ä¾àÊµÑéÊý¾Ý\Ô­Ê¼Í¼ÏñÊý¾Ý\²É¼¯Í¼Æ¬Êý¾Ý_600_6_05\²É¼¯Í¼Æ¬Êý¾Ý_600_6_10\600_6_10_245.bmp 481.313 249.875 9.35588 00
F:\Exp\4×é²»Í¬ÖÜÆÚ±ä¾àÊµÑéÊý¾Ý\Ô­Ê¼Í¼ÏñÊý¾Ý\²É¼¯Í¼Æ¬Êý¾Ý_600_6_05\²É¼¯Í¼Æ¬Êý¾Ý_600_6_10\600_6_10_246.bmp 465.732 247.25 9.3293 00
F:\Exp\4×é²»Í¬ÖÜÆÚ±ä¾àÊµÑéÊý¾Ý\Ô­Ê¼Í¼ÏñÊý¾Ý\²É¼¯Í¼Æ¬Êý¾Ý_600_6_05\²É¼¯Í¼Æ¬Êý¾Ý_600_6_10\600_6_10_247.bmp 465.732 247.25 9.3293 00
F:\Exp\4×é²»Í¬ÖÜÆÚ±ä¾àÊµÑéÊý¾Ý\Ô­Ê¼Í¼ÏñÊý¾Ý\²É¼¯Í¼Æ¬Êý¾Ý_600_6_05\²É¼¯Í¼Æ¬Êý¾Ý_600_6_10\600_6_10_248.bmp 482.313 247.875 9.35588 00
F:\Exp\4×é²»Í¬ÖÜÆÚ±ä¾àÊµÑéÊý¾Ý\Ô­Ê¼Í¼ÏñÊý¾Ý\²É¼¯Í¼Æ¬Êý¾Ý_600_6_05\²É¼¯Í¼Æ¬Êý¾Ý_600_6_10\600_6_10_249.bmp 482.313 247.875 9.35588 00
F:\Exp\4×é²»Í¬ÖÜÆÚ±ä¾àÊµÑéÊý¾Ý\Ô­Ê¼Í¼ÏñÊý¾Ý\²É¼¯Í¼Æ¬Êý¾Ý_600_6_05\²É¼¯Í¼Æ¬Êý¾Ý_600_6_10\600_6_10_25.bmp 480.438 262.75 9.16172 00
F:\Exp\4×é²»Í¬ÖÜÆÚ±ä¾àÊµÑéÊý¾Ý\Ô­Ê¼Í¼ÏñÊý¾Ý\²É¼¯Í¼Æ¬Êý¾Ý_600_6_05\²É¼¯Í¼Æ¬Êý¾Ý_600_6_10\600_6_10_250.bmp 468.438 246.75 9.16172 00
F:\Exp\4×é²»Í¬ÖÜÆÚ±ä¾àÊµÑéÊý¾Ý\Ô­Ê¼Í¼ÏñÊý¾Ý\²É¼¯Í¼Æ¬Êý¾Ý_600_6_05\²É¼¯Í¼Æ¬Êý¾Ý_600_6_10\600_6_10_251.bmp 468.438 246.75 9.16172 00
F:\Exp\4×é²»Í¬ÖÜÆÚ±ä¾àÊµÑéÊý¾Ý\Ô­Ê¼Í¼ÏñÊý¾Ý\²É¼¯Í¼Æ¬Êý¾Ý_600_6_05\²É¼¯Í¼Æ¬Êý¾Ý_600_6_10\600_6_10_252.bmp 486.125 246.375 9.37887 00
F:\Exp\4×é²»Í¬ÖÜÆÚ±ä¾àÊµÑéÊý¾Ý\Ô­Ê¼Í¼ÏñÊý¾Ý\²É¼¯Í¼Æ¬Êý¾Ý_600_6_05\²É¼¯Í¼Æ¬Êý¾Ý_600_6_10\600_6_10_253.bmp 486.125 246.375 9.37887 00
F:\Exp\4×é²»Í¬ÖÜÆÚ±ä¾àÊµÑéÊý¾Ý\Ô­Ê¼Í¼ÏñÊý¾Ý\²É¼¯Í¼Æ¬Êý¾Ý_600_6_05\²É¼¯Í¼Æ¬Êý¾Ý_600_6_10\600_6_10_254.bmp 472.313 246.875 9.35588 00
F:\Exp\4×é²»Í¬ÖÜÆÚ±ä¾àÊµÑéÊý¾Ý\Ô­Ê¼Í¼ÏñÊý¾Ý\²É¼¯Í¼Æ¬Êý¾Ý_600_6_05\²É¼¯Í¼Æ¬Êý¾Ý_600_6_10\600_6_10_255.bmp 472.313 246.875 9.35588 00
F:\Exp\4×é²»Í¬ÖÜÆÚ±ä¾àÊµÑéÊý¾Ý\Ô­Ê¼Í¼ÏñÊý¾Ý\²É¼¯Í¼Æ¬Êý¾Ý_600_6_05\²É¼¯Í¼Æ¬Êý¾Ý_600_6_10\600_6_10_256.bmp 470.313 246.875 9.35588 00
F:\Exp\4×é²»Í¬ÖÜÆÚ±ä¾àÊµÑéÊý¾Ý\Ô­Ê¼Í¼ÏñÊý¾Ý\²É¼¯Í¼Æ¬Êý¾Ý_600_6_05\²É¼¯Í¼Æ¬Êý¾Ý_600_6_10\600_6_10_257.bmp 470.313 246.875 9.35588 00
F:\Exp\4×é²»Í¬ÖÜÆÚ±ä¾àÊµÑéÊý¾Ý\Ô­Ê¼Í¼ÏñÊý¾Ý\²É¼¯Í¼Æ¬Êý¾Ý_600_6_05\²É¼¯Í¼Æ¬Êý¾Ý_600_6_10\600_6_10_258.bmp 463.938 246.625 9.13801 00
F:\Exp\4×é²»Í¬ÖÜÆÚ±ä¾àÊµÑéÊý¾Ý\Ô­Ê¼Í¼ÏñÊý¾Ý\²É¼¯Í¼Æ¬Êý¾Ý_600_6_05\²É¼¯Í¼Æ¬Êý¾Ý_600_6_10\600_6_10_259.bmp 463.938 246.625 9.13801 00
F:\Exp\4×é²»Í¬ÖÜÆÚ±ä¾àÊµÑéÊý¾Ý\Ô­Ê¼Í¼ÏñÊý¾Ý\²É¼¯Í¼Æ¬Êý¾Ý_600_6_05\²É¼¯Í¼Æ¬Êý¾Ý_600_6_10\600_6_10_26.bmp 480.438 262.75 9.16172 00
F:\Exp\4×é²»Í¬ÖÜÆÚ±ä¾àÊµÑéÊý¾Ý\Ô­Ê¼Í¼ÏñÊý¾Ý\²É¼¯Í¼Æ¬Êý¾Ý_600_6_05\²É¼¯Í¼Æ¬Êý¾Ý_600_6_10\600_6_10_260.bmp 482.25 248.25 9.18419 00
F:\Exp\4×é²»Í¬ÖÜÆÚ±ä¾àÊµÑéÊý¾Ý\Ô­Ê¼Í¼ÏñÊý¾Ý\²É¼¯Í¼Æ¬Êý¾Ý_600_6_05\²É¼¯Í¼Æ¬Êý¾Ý_600_6_10\600_6_10_261.bmp 482.25 248.25 9.18419 00
F:\Exp\4×é²»Í¬ÖÜÆÚ±ä¾àÊµÑéÊý¾Ý\Ô­Ê¼Í¼ÏñÊý¾Ý\²É¼¯Í¼Æ¬Êý¾Ý_600_6_05\²É¼¯Í¼Æ¬Êý¾Ý_600_6_10\600_6_10_262.bmp 468.018 248.375 9.37098 00
F:\Exp\4×é²»Í¬ÖÜÆÚ±ä¾àÊµÑéÊý¾Ý\Ô­Ê¼Í¼ÏñÊý¾Ý\²É¼¯Í¼Æ¬Êý¾Ý_600_6_05\²É¼¯Í¼Æ¬Êý¾Ý_600_6_10\600_6_10_263.bmp 468.018 248.375 9.37098 00
F:\Exp\4×é²»Í¬ÖÜÆÚ±ä¾àÊµÑéÊý¾Ý\Ô­Ê¼Í¼ÏñÊý¾Ý\²É¼¯Í¼Æ¬Êý¾Ý_600_6_05\²É¼¯Í¼Æ¬Êý¾Ý_600_6_10\600_6_10_264.bmp 485.732 249.25 9.3293 00
F:\Exp\4×é²»Í¬ÖÜÆÚ±ä¾àÊµÑéÊý¾Ý\Ô­Ê¼Í¼ÏñÊý¾Ý\²É¼¯Í¼Æ¬Êý¾Ý_600_6_05\²É¼¯Í¼Æ¬Êý¾Ý_600_6_10\600_6_10_265.bmp 485.732 249.25 9.3293 00
F:\Exp\4×é²»Í¬ÖÜÆÚ±ä¾àÊµÑéÊý¾Ý\Ô­Ê¼Í¼ÏñÊý¾Ý\²É¼¯Í¼Æ¬Êý¾Ý_600_6_05\²É¼¯Í¼Æ¬Êý¾Ý_600_6_10\600_6_10_266.bmp 468.063 248.875 9.37426 00
F:\Exp\4×é²»Í¬ÖÜÆÚ±ä¾àÊµÑéÊý¾Ý\Ô­Ê¼Í¼ÏñÊý¾Ý\²É¼¯Í¼Æ¬Êý¾Ý_600_6_05\²É¼¯Í¼Æ¬Êý¾Ý_600_6_10\600_6_10_267.bmp 468.063 248.875 9.37426 00
F:\Exp\4×é²»Í¬ÖÜÆÚ±ä¾àÊµÑéÊý¾Ý\Ô­Ê¼Í¼ÏñÊý¾Ý\²É¼¯Í¼Æ¬Êý¾Ý_600_6_05\²É¼¯Í¼Æ¬Êý¾Ý_600_6_10\600_6_10_268.bmp 466.188 249 9.55098 00
F:\Exp\4×é²»Í¬ÖÜÆÚ±ä¾àÊµÑéÊý¾Ý\Ô­Ê¼Í¼ÏñÊý¾Ý\²É¼¯Í¼Æ¬Êý¾Ý_600_6_05\²É¼¯Í¼Æ¬Êý¾Ý_600_6_10\600_6_10_269.bmp 466.188 249 9.55098 00
F:\Exp\4×é²»Í¬ÖÜÆÚ±ä¾àÊµÑéÊý¾Ý\Ô­Ê¼Í¼ÏñÊý¾Ý\²É¼¯Í¼Æ¬Êý¾Ý_600_6_05\²É¼¯Í¼Æ¬Êý¾Ý_600_6_10\600_6_10_27.bmp 462.188 262.625 9.01251 00
F:\Exp\4×é²»Í¬ÖÜÆÚ±ä¾àÊµÑéÊý¾Ý\Ô­Ê¼Í¼ÏñÊý¾Ý\²É¼¯Í¼Æ¬Êý¾Ý_600_6_05\²É¼¯Í¼Æ¬Êý¾Ý_600_6_10\600_6_10_270.bmp 477.732 248.25 9.3293 00
F:\Exp\4×é²»Í¬ÖÜÆÚ±ä¾àÊµÑéÊý¾Ý\Ô­Ê¼Í¼ÏñÊý¾Ý\²É¼¯Í¼Æ¬Êý¾Ý_600_6_05\²É¼¯Í¼Æ¬Êý¾Ý_600_6_10\600_6_10_271.bmp 477.732 248.25 9.3293 00
F:\Exp\4×é²»Í¬ÖÜÆÚ±ä¾àÊµÑéÊý¾Ý\Ô­Ê¼Í¼ÏñÊý¾Ý\²É¼¯Í¼Æ¬Êý¾Ý_600_6_05\²É¼¯Í¼Æ¬Êý¾Ý_600_6_10\600_6_10_272.bmp 463.625 248.25 9.32134 00
F:\Exp\4×é²»Í¬ÖÜÆÚ±ä¾àÊµÑéÊý¾Ý\Ô­Ê¼Í¼ÏñÊý¾Ý\²É¼¯Í¼Æ¬Êý¾Ý_600_6_05\²É¼¯Í¼Æ¬Êý¾Ý_600_6_10\600_6_10_273.bmp 463.625 248.25 9.32134 00
F:\Exp\4×é²»Í¬ÖÜÆÚ±ä¾àÊµÑéÊý¾Ý\Ô­Ê¼Í¼ÏñÊý¾Ý\²É¼¯Í¼Æ¬Êý¾Ý_600_6_05\²É¼¯Í¼Æ¬Êý¾Ý_600_6_10\600_6_10_274.bmp 478.188 248 9.55098 00
F:\Exp\4×é²»Í¬ÖÜÆÚ±ä¾àÊµÑéÊý¾Ý\Ô­Ê¼Í¼ÏñÊý¾Ý\²É¼¯Í¼Æ¬Êý¾Ý_600_6_05\²É¼¯Í¼Æ¬Êý¾Ý_600_6_10\600_6_10_275.bmp 478.188 248 9.55098 00
F:\Exp\4×é²»Í¬ÖÜÆÚ±ä¾àÊµÑéÊý¾Ý\Ô­Ê¼Í¼ÏñÊý¾Ý\²É¼¯Í¼Æ¬Êý¾Ý_600_6_05\²É¼¯Í¼Æ¬Êý¾Ý_600_6_10\600_6_10_276.bmp 482.125 248.5 9.54629 00
F:\Exp\4×é²»Í¬ÖÜÆÚ±ä¾àÊµÑéÊý¾Ý\Ô­Ê¼Í¼ÏñÊý¾Ý\²É¼¯Í¼Æ¬Êý¾Ý_600_6_05\²É¼¯Í¼Æ¬Êý¾Ý_600_6_10\600_6_10_277.bmp 482.125 248.5 9.54629 00
F:\Exp\4×é²»Í¬ÖÜÆÚ±ä¾àÊµÑéÊý¾Ý\Ô­Ê¼Í¼ÏñÊý¾Ý\²É¼¯Í¼Æ¬Êý¾Ý_600_6_05\²É¼¯Í¼Æ¬Êý¾Ý_600_6_10\600_6_10_278.bmp 486.4 246.5 9.52943 00
F:\Exp\4×é²»Í¬ÖÜÆÚ±ä¾àÊµÑéÊý¾Ý\Ô­Ê¼Í¼ÏñÊý¾Ý\²É¼¯Í¼Æ¬Êý¾Ý_600_6_05\²É¼¯Í¼Æ¬Êý¾Ý_600_6_10\600_6_10_279.bmp 486.4 246.5 9.52943 00
F:\Exp\4×é²»Í¬ÖÜÆÚ±ä¾àÊµÑéÊý¾Ý\Ô­Ê¼Í¼ÏñÊý¾Ý\²É¼¯Í¼Æ¬Êý¾Ý_600_6_05\²É¼¯Í¼Æ¬Êý¾Ý_600_6_10\600_6_10_28.bmp 462.188 262.625 9.01251 00
F:\Exp\4×é²»Í¬ÖÜÆÚ±ä¾àÊµÑéÊý¾Ý\Ô­Ê¼Í¼ÏñÊý¾Ý\²É¼¯Í¼Æ¬Êý¾Ý_600_6_05\²É¼¯Í¼Æ¬Êý¾Ý_600_6_10\600_6_10_280.bmp 471.732 246.25 9.3293 00
F:\Exp\4×é²»Í¬ÖÜÆÚ±ä¾àÊµÑéÊý¾Ý\Ô­Ê¼Í¼ÏñÊý¾Ý\²É¼¯Í¼Æ¬Êý¾Ý_600_6_05\²É¼¯Í¼Æ¬Êý¾Ý_600_6_10\600_6_10_281.bmp 471.732 246.25 9.3293 00
F:\Exp\4×é²»Í¬ÖÜÆÚ±ä¾àÊµÑéÊý¾Ý\Ô­Ê¼Í¼ÏñÊý¾Ý\²É¼¯Í¼Æ¬Êý¾Ý_600_6_05\²É¼¯Í¼Æ¬Êý¾Ý_600_6_10\600_6_10_282.bmp 484.188 248 9.55098 00
F:\Exp\4×é²»Í¬ÖÜÆÚ±ä¾àÊµÑéÊý¾Ý\Ô­Ê¼Í¼ÏñÊý¾Ý\²É¼¯Í¼Æ¬Êý¾Ý_600_6_05\²É¼¯Í¼Æ¬Êý¾Ý_600_6_10\600_6_10_283.bmp 484.188 248 9.55098 00
F:\Exp\4×é²»Í¬ÖÜÆÚ±ä¾àÊµÑéÊý¾Ý\Ô­Ê¼Í¼ÏñÊý¾Ý\²É¼¯Í¼Æ¬Êý¾Ý_600_6_05\²É¼¯Í¼Æ¬Êý¾Ý_600_6_10\600_6_10_284.bmp 468.313 250.875 9.35588 00
F:\Exp\4×é²»Í¬ÖÜÆÚ±ä¾àÊµÑéÊý¾Ý\Ô­Ê¼Í¼ÏñÊý¾Ý\²É¼¯Í¼Æ¬Êý¾Ý_600_6_05\²É¼¯Í¼Æ¬Êý¾Ý_600_6_10\600_6_10_285.bmp 468.313 250.875 9.35588 00
F:\Exp\4×é²»Í¬ÖÜÆÚ±ä¾àÊµÑéÊý¾Ý\Ô­Ê¼Í¼ÏñÊý¾Ý\²É¼¯Í¼Æ¬Êý¾Ý_600_6_05\²É¼¯Í¼Æ¬Êý¾Ý_600_6_10\600_6_10_286.bmp 482.313 252.875 9.35588 00
F:\Exp\4×é²»Í¬ÖÜÆÚ±ä¾àÊµÑéÊý¾Ý\Ô­Ê¼Í¼ÏñÊý¾Ý\²É¼¯Í¼Æ¬Êý¾Ý_600_6_05\²É¼¯Í¼Æ¬Êý¾Ý_600_6_10\600_6_10_287.bmp 482.313 252.875 9.35588 00
F:\Exp\4×é²»Í¬ÖÜÆÚ±ä¾àÊµÑéÊý¾Ý\Ô­Ê¼Í¼ÏñÊý¾Ý\²É¼¯Í¼Æ¬Êý¾Ý_600_6_05\²É¼¯Í¼Æ¬Êý¾Ý_600_6_10\600_6_10_288.bmp 468.125 253.5 9.54629 00
F:\Exp\4×é²»Í¬ÖÜÆÚ±ä¾àÊµÑéÊý¾Ý\Ô­Ê¼Í¼ÏñÊý¾Ý\²É¼¯Í¼Æ¬Êý¾Ý_600_6_05\²É¼¯Í¼Æ¬Êý¾Ý_600_6_10\600_6_10_289.bmp 468.125 253.5 9.54629 00
F:\Exp\4×é²»Í¬ÖÜÆÚ±ä¾àÊµÑéÊý¾Ý\Ô­Ê¼Í¼ÏñÊý¾Ý\²É¼¯Í¼Æ¬Êý¾Ý_600_6_05\²É¼¯Í¼Æ¬Êý¾Ý_600_6_10\600_6_10_29.bmp 490.25 265.25 9.18419 00
F:\Exp\4×é²»Í¬ÖÜÆÚ±ä¾àÊµÑéÊý¾Ý\Ô­Ê¼Í¼ÏñÊý¾Ý\²É¼¯Í¼Æ¬Êý¾Ý_600_6_05\²É¼¯Í¼Æ¬Êý¾Ý_600_6_10\600_6_10_290.bmp 482.313 253.875 9.35588 00
F:\Exp\4×é²»Í¬ÖÜÆÚ±ä¾àÊµÑéÊý¾Ý\Ô­Ê¼Í¼ÏñÊý¾Ý\²É¼¯Í¼Æ¬Êý¾Ý_600_6_05\²É¼¯Í¼Æ¬Êý¾Ý_600_6_10\600_6_10_291.bmp 482.313 253.875 9.35588 00
F:\Exp\4×é²»Í¬ÖÜÆÚ±ä¾àÊµÑéÊý¾Ý\Ô­Ê¼Í¼ÏñÊý¾Ý\²É¼¯Í¼Æ¬Êý¾Ý_600_6_05\²É¼¯Í¼Æ¬Êý¾Ý_600_6_10\600_6_10_292.bmp 472.063 255.875 9.37426 00
F:\Exp\4×é²»Í¬ÖÜÆÚ±ä¾àÊµÑéÊý¾Ý\Ô­Ê¼Í¼ÏñÊý¾Ý\²É¼¯Í¼Æ¬Êý¾Ý_600_6_05\²É¼¯Í¼Æ¬Êý¾Ý_600_6_10\600_6_10_293.bmp 472.063 255.875 9.37426 00
F:\Exp\4×é²»Í¬ÖÜÆÚ±ä¾àÊµÑéÊý¾Ý\Ô­Ê¼Í¼ÏñÊý¾Ý\²É¼¯Í¼Æ¬Êý¾Ý_600_6_05\²É¼¯Í¼Æ¬Êý¾Ý_600_6_10\600_6_10_294.bmp 464.063 255.875 9.37426 00
F:\Exp\4×é²»Í¬ÖÜÆÚ±ä¾àÊµÑéÊý¾Ý\Ô­Ê¼Í¼ÏñÊý¾Ý\²É¼¯Í¼Æ¬Êý¾Ý_600_6_05\²É¼¯Í¼Æ¬Êý¾Ý_600_6_10\600_6_10_295.bmp 464.063 255.875 9.37426 00
F:\Exp\4×é²»Í¬ÖÜÆÚ±ä¾àÊµÑéÊý¾Ý\Ô­Ê¼Í¼ÏñÊý¾Ý\²É¼¯Í¼Æ¬Êý¾Ý_600_6_05\²É¼¯Í¼Æ¬Êý¾Ý_600_6_10\600_6_10_296.bmp 487.313 256.875 9.35588 00
F:\Exp\4×é²»Í¬ÖÜÆÚ±ä¾àÊµÑéÊý¾Ý\Ô­Ê¼Í¼ÏñÊý¾Ý\²É¼¯Í¼Æ¬Êý¾Ý_600_6_05\²É¼¯Í¼Æ¬Êý¾Ý_600_6_10\600_6_10_297.bmp 487.313 256.875 9.35588 00
F:\Exp\4×é²»Í¬ÖÜÆÚ±ä¾àÊµÑéÊý¾Ý\Ô­Ê¼Í¼ÏñÊý¾Ý\²É¼¯Í¼Æ¬Êý¾Ý_600_6_05\²É¼¯Í¼Æ¬Êý¾Ý_600_6_10\600_6_10_298.bmp 470.313 255.875 9.35588 00
F:\Exp\4×é²»Í¬ÖÜÆÚ±ä¾àÊµÑéÊý¾Ý\Ô­Ê¼Í¼ÏñÊý¾Ý\²É¼¯Í¼Æ¬Êý¾Ý_600_6_05\²É¼¯Í¼Æ¬Êý¾Ý_600_6_10\600_6_10_299.bmp 470.313 255.875 9.35588 00
F:\Exp\4×é²»Í¬ÖÜÆÚ±ä¾àÊµÑéÊý¾Ý\Ô­Ê¼Í¼ÏñÊý¾Ý\²É¼¯Í¼Æ¬Êý¾Ý_600_6_05\²É¼¯Í¼Æ¬Êý¾Ý_600_6_10\600_6_10_3.bmp 447.732 265.25 9.3293 00
F:\Exp\4×é²»Í¬ÖÜÆÚ±ä¾àÊµÑéÊý¾Ý\Ô­Ê¼Í¼ÏñÊý¾Ý\²É¼¯Í¼Æ¬Êý¾Ý_600_6_05\²É¼¯Í¼Æ¬Êý¾Ý_600_6_10\600_6_10_30.bmp 490.25 265.25 9.18419 00
F:\Exp\4×é²»Í¬ÖÜÆÚ±ä¾àÊµÑéÊý¾Ý\Ô­Ê¼Í¼ÏñÊý¾Ý\²É¼¯Í¼Æ¬Êý¾Ý_600_6_05\²É¼¯Í¼Æ¬Êý¾Ý_600_6_10\600_6_10_300.bmp 470.313 255.875 9.35588 00
F:\Exp\4×é²»Í¬ÖÜÆÚ±ä¾àÊµÑéÊý¾Ý\Ô­Ê¼Í¼ÏñÊý¾Ý\²É¼¯Í¼Æ¬Êý¾Ý_600_6_05\²É¼¯Í¼Æ¬Êý¾Ý_600_6_10\600_6_10_301.bmp 470.313 255.875 9.35588 00
F:\Exp\4×é²»Í¬ÖÜÆÚ±ä¾àÊµÑéÊý¾Ý\Ô­Ê¼Í¼ÏñÊý¾Ý\²É¼¯Í¼Æ¬Êý¾Ý_600_6_05\²É¼¯Í¼Æ¬Êý¾Ý_600_6_10\600_6_10_302.bmp 466.625 254.25 9.32134 00
F:\Exp\4×é²»Í¬ÖÜÆÚ±ä¾àÊµÑéÊý¾Ý\Ô­Ê¼Í¼ÏñÊý¾Ý\²É¼¯Í¼Æ¬Êý¾Ý_600_6_05\²É¼¯Í¼Æ¬Êý¾Ý_600_6_10\600_6_10_303.bmp 466.625 254.25 9.32134 00
F:\Exp\4×é²»Í¬ÖÜÆÚ±ä¾àÊµÑéÊý¾Ý\Ô­Ê¼Í¼ÏñÊý¾Ý\²É¼¯Í¼Æ¬Êý¾Ý_600_6_05\²É¼¯Í¼Æ¬Êý¾Ý_600_6_10\600_6_10_304.bmp 488.125 255.375 9.37887 00
F:\Exp\4×é²»Í¬ÖÜÆÚ±ä¾àÊµÑéÊý¾Ý\Ô­Ê¼Í¼ÏñÊý¾Ý\²É¼¯Í¼Æ¬Êý¾Ý_600_6_05\²É¼¯Í¼Æ¬Êý¾Ý_600_6_10\600_6_10_305.bmp 488.125 255.375 9.37887 00
F:\Exp\4×é²»Í¬ÖÜÆÚ±ä¾àÊµÑéÊý¾Ý\Ô­Ê¼Í¼ÏñÊý¾Ý\²É¼¯Í¼Æ¬Êý¾Ý_600_6_05\²É¼¯Í¼Æ¬Êý¾Ý_600_6_10\600_6_10_306.bmp 474.188 255 9.55098 00
F:\Exp\4×é²»Í¬ÖÜÆÚ±ä¾àÊµÑéÊý¾Ý\Ô­Ê¼Í¼ÏñÊý¾Ý\²É¼¯Í¼Æ¬Êý¾Ý_600_6_05\²É¼¯Í¼Æ¬Êý¾Ý_600_6_10\600_6_10_307.bmp 474.188 255 9.55098 00
F:\Exp\4×é²»Í¬ÖÜÆÚ±ä¾àÊµÑéÊý¾Ý\Ô­Ê¼Í¼ÏñÊý¾Ý\²É¼¯Í¼Æ¬Êý¾Ý_600_6_05\²É¼¯Í¼Æ¬Êý¾Ý_600_6_10\600_6_10_308.bmp 472.313 254.875 9.35588 00
F:\Exp\4×é²»Í¬ÖÜÆÚ±ä¾àÊµÑéÊý¾Ý\Ô­Ê¼Í¼ÏñÊý¾Ý\²É¼¯Í¼Æ¬Êý¾Ý_600_6_05\²É¼¯Í¼Æ¬Êý¾Ý_600_6_10\600_6_10_309.bmp 472.313 254.875 9.35588 00
F:\Exp\4×é²»Í¬ÖÜÆÚ±ä¾àÊµÑéÊý¾Ý\Ô­Ê¼Í¼ÏñÊý¾Ý\²É¼¯Í¼Æ¬Êý¾Ý_600_6_05\²É¼¯Í¼Æ¬Êý¾Ý_600_6_10\600_6_10_31.bmp 448.688 265.625 9.15623 00
F:\Exp\4×é²»Í¬ÖÜÆÚ±ä¾àÊµÑéÊý¾Ý\Ô­Ê¼Í¼ÏñÊý¾Ý\²É¼¯Í¼Æ¬Êý¾Ý_600_6_05\²É¼¯Í¼Æ¬Êý¾Ý_600_6_10\600_6_10_310.bmp 466.313 254.875 9.35588 00
F:\Exp\4×é²»Í¬ÖÜÆÚ±ä¾àÊµÑéÊý¾Ý\Ô­Ê¼Í¼ÏñÊý¾Ý\²É¼¯Í¼Æ¬Êý¾Ý_600_6_05\²É¼¯Í¼Æ¬Êý¾Ý_600_6_10\600_6_10_311.bmp 466.313 254.875 9.35588 00
F:\Exp\4×é²»Í¬ÖÜÆÚ±ä¾àÊµÑéÊý¾Ý\Ô­Ê¼Í¼ÏñÊý¾Ý\²É¼¯Í¼Æ¬Êý¾Ý_600_6_05\²É¼¯Í¼Æ¬Êý¾Ý_600_6_10\600_6_10_312.bmp 484.063 255.875 9.37426 00
F:\Exp\4×é²»Í¬ÖÜÆÚ±ä¾àÊµÑéÊý¾Ý\Ô­Ê¼Í¼ÏñÊý¾Ý\²É¼¯Í¼Æ¬Êý¾Ý_600_6_05\²É¼¯Í¼Æ¬Êý¾Ý_600_6_10\600_6_10_313.bmp 484.063 255.875 9.37426 00
F:\Exp\4×é²»Í¬ÖÜÆÚ±ä¾àÊµÑéÊý¾Ý\Ô­Ê¼Í¼ÏñÊý¾Ý\²É¼¯Í¼Æ¬Êý¾Ý_600_6_05\²É¼¯Í¼Æ¬Êý¾Ý_600_6_10\600_6_10_314.bmp 471.625 256.25 9.32134 00
F:\Exp\4×é²»Í¬ÖÜÆÚ±ä¾àÊµÑéÊý¾Ý\Ô­Ê¼Í¼ÏñÊý¾Ý\²É¼¯Í¼Æ¬Êý¾Ý_600_6_05\²É¼¯Í¼Æ¬Êý¾Ý_600_6_10\600_6_10_315.bmp 471.625 256.25 9.32134 00
F:\Exp\4×é²»Í¬ÖÜÆÚ±ä¾àÊµÑéÊý¾Ý\Ô­Ê¼Í¼ÏñÊý¾Ý\²É¼¯Í¼Æ¬Êý¾Ý_600_6_05\²É¼¯Í¼Æ¬Êý¾Ý_600_6_10\600_6_10_316.bmp 468.188 257 9.55098 00
F:\Exp\4×é²»Í¬ÖÜÆÚ±ä¾àÊµÑéÊý¾Ý\Ô­Ê¼Í¼ÏñÊý¾Ý\²É¼¯Í¼Æ¬Êý¾Ý_600_6_05\²É¼¯Í¼Æ¬Êý¾Ý_600_6_10\600_6_10_317.bmp 468.188 257 9.55098 00
F:\Exp\4×é²»Í¬ÖÜÆÚ±ä¾àÊµÑéÊý¾Ý\Ô­Ê¼Í¼ÏñÊý¾Ý\²É¼¯Í¼Æ¬Êý¾Ý_600_6_05\²É¼¯Í¼Æ¬Êý¾Ý_600_6_10\600_6_10_318.bmp 484.125 256.375 9.37887 00
F:\Exp\4×é²»Í¬ÖÜÆÚ±ä¾àÊµÑéÊý¾Ý\Ô­Ê¼Í¼ÏñÊý¾Ý\²É¼¯Í¼Æ¬Êý¾Ý_600_6_05\²É¼¯Í¼Æ¬Êý¾Ý_600_6_10\600_6_10_319.bmp 484.125 256.375 9.37887 00
F:\Exp\4×é²»Í¬ÖÜÆÚ±ä¾àÊµÑéÊý¾Ý\Ô­Ê¼Í¼ÏñÊý¾Ý\²É¼¯Í¼Æ¬Êý¾Ý_600_6_05\²É¼¯Í¼Æ¬Êý¾Ý_600_6_10\600_6_10_32.bmp 448.688 265.625 9.15623 00
F:\Exp\4×é²»Í¬ÖÜÆÚ±ä¾àÊµÑéÊý¾Ý\Ô­Ê¼Í¼ÏñÊý¾Ý\²É¼¯Í¼Æ¬Êý¾Ý_600_6_05\²É¼¯Í¼Æ¬Êý¾Ý_600_6_10\600_6_10_320.bmp 470.25 254.25 9.18419 00
F:\Exp\4×é²»Í¬ÖÜÆÚ±ä¾àÊµÑéÊý¾Ý\Ô­Ê¼Í¼ÏñÊý¾Ý\²É¼¯Í¼Æ¬Êý¾Ý_600_6_05\²É¼¯Í¼Æ¬Êý¾Ý_600_6_10\600_6_10_321.bmp 470.25 254.25 9.18419 00
F:\Exp\4×é²»Í¬ÖÜÆÚ±ä¾àÊµÑéÊý¾Ý\Ô­Ê¼Í¼ÏñÊý¾Ý\²É¼¯Í¼Æ¬Êý¾Ý_600_6_05\²É¼¯Í¼Æ¬Êý¾Ý_600_6_10\600_6_10_322.bmp 465.625 255 8.98183 00
F:\Exp\4×é²»Í¬ÖÜÆÚ±ä¾àÊµÑéÊý¾Ý\Ô­Ê¼Í¼ÏñÊý¾Ý\²É¼¯Í¼Æ¬Êý¾Ý_600_6_05\²É¼¯Í¼Æ¬Êý¾Ý_600_6_10\600_6_10_323.bmp 465.625 255 8.98183 00
F:\Exp\4×é²»Í¬ÖÜÆÚ±ä¾àÊµÑéÊý¾Ý\Ô­Ê¼Í¼ÏñÊý¾Ý\²É¼¯Í¼Æ¬Êý¾Ý_600_6_05\²É¼¯Í¼Æ¬Êý¾Ý_600_6_10\600_6_10_324.bmp 485.938 256.625 9.03023 00
F:\Exp\4×é²»Í¬ÖÜÆÚ±ä¾àÊµÑéÊý¾Ý\Ô­Ê¼Í¼ÏñÊý¾Ý\²É¼¯Í¼Æ¬Êý¾Ý_600_6_05\²É¼¯Í¼Æ¬Êý¾Ý_600_6_10\600_6_10_325.bmp 485.938 256.625 9.03023 00
F:\Exp\4×é²»Í¬ÖÜÆÚ±ä¾àÊµÑéÊý¾Ý\Ô­Ê¼Í¼ÏñÊý¾Ý\²É¼¯Í¼Æ¬Êý¾Ý_600_6_05\²É¼¯Í¼Æ¬Êý¾Ý_600_6_10\600_6_10_326.bmp 470.25 257.25 9.18419 00
F:\Exp\4×é²»Í¬ÖÜÆÚ±ä¾àÊµÑéÊý¾Ý\Ô­Ê¼Í¼ÏñÊý¾Ý\²É¼¯Í¼Æ¬Êý¾Ý_600_6_05\²É¼¯Í¼Æ¬Êý¾Ý_600_6_10\600_6_10_327.bmp 470.25 257.25 9.18419 00
F:\Exp\4×é²»Í¬ÖÜÆÚ±ä¾àÊµÑéÊý¾Ý\Ô­Ê¼Í¼ÏñÊý¾Ý\²É¼¯Í¼Æ¬Êý¾Ý_600_6_05\²É¼¯Í¼Æ¬Êý¾Ý_600_6_10\600_6_10_328.bmp 468.688 257.625 9.15623 00
F:\Exp\4×é²»Í¬ÖÜÆÚ±ä¾àÊµÑéÊý¾Ý\Ô­Ê¼Í¼ÏñÊý¾Ý\²É¼¯Í¼Æ¬Êý¾Ý_600_6_05\²É¼¯Í¼Æ¬Êý¾Ý_600_6_10\600_6_10_329.bmp 468.688 257.625 9.15623 00
F:\Exp\4×é²»Í¬ÖÜÆÚ±ä¾àÊµÑéÊý¾Ý\Ô­Ê¼Í¼ÏñÊý¾Ý\²É¼¯Í¼Æ¬Êý¾Ý_600_6_05\²É¼¯Í¼Æ¬Êý¾Ý_600_6_10\600_6_10_33.bmp 484.188 267.625 9.01251 00
F:\Exp\4×é²»Í¬ÖÜÆÚ±ä¾àÊµÑéÊý¾Ý\Ô­Ê¼Í¼ÏñÊý¾Ý\²É¼¯Í¼Æ¬Êý¾Ý_600_6_05\²É¼¯Í¼Æ¬Êý¾Ý_600_6_10\600_6_10_330.bmp 480.063 257.75 9.20677 00
F:\Exp\4×é²»Í¬ÖÜÆÚ±ä¾àÊµÑéÊý¾Ý\Ô­Ê¼Í¼ÏñÊý¾Ý\²É¼¯Í¼Æ¬Êý¾Ý_600_6_05\²É¼¯Í¼Æ¬Êý¾Ý_600_6_10\600_6_10_331.bmp 480.063 257.75 9.20677 00
F:\Exp\4×é²»Í¬ÖÜÆÚ±ä¾àÊµÑéÊý¾Ý\Ô­Ê¼Í¼ÏñÊý¾Ý\²É¼¯Í¼Æ¬Êý¾Ý_600_6_05\²É¼¯Í¼Æ¬Êý¾Ý_600_6_10\600_6_10_332.bmp 474.732 257.25 9.3293 00
F:\Exp\4×é²»Í¬ÖÜÆÚ±ä¾àÊµÑéÊý¾Ý\Ô­Ê¼Í¼ÏñÊý¾Ý\²É¼¯Í¼Æ¬Êý¾Ý_600_6_05\²É¼¯Í¼Æ¬Êý¾Ý_600_6_10\600_6_10_333.bmp 474.732 257.25 9.3293 00
F:\Exp\4×é²»Í¬ÖÜÆÚ±ä¾àÊµÑéÊý¾Ý\Ô­Ê¼Í¼ÏñÊý¾Ý\²É¼¯Í¼Æ¬Êý¾Ý_600_6_05\²É¼¯Í¼Æ¬Êý¾Ý_600_6_10\600_6_10_334.bmp 466.313 256.875 9.35588 00
F:\Exp\4×é²»Í¬ÖÜÆÚ±ä¾àÊµÑéÊý¾Ý\Ô­Ê¼Í¼ÏñÊý¾Ý\²É¼¯Í¼Æ¬Êý¾Ý_600_6_05\²É¼¯Í¼Æ¬Êý¾Ý_600_6_10\600_6_10_335.bmp 466.313 256.875 9.35588 00
F:\Exp\4×é²»Í¬ÖÜÆÚ±ä¾àÊµÑéÊý¾Ý\Ô­Ê¼Í¼ÏñÊý¾Ý\²É¼¯Í¼Æ¬Êý¾Ý_600_6_05\²É¼¯Í¼Æ¬Êý¾Ý_600_6_10\600_6_10_336.bmp 488.313 257.875 9.35588 00
F:\Exp\4×é²»Í¬ÖÜÆÚ±ä¾àÊµÑéÊý¾Ý\Ô­Ê¼Í¼ÏñÊý¾Ý\²É¼¯Í¼Æ¬Êý¾Ý_600_6_05\²É¼¯Í¼Æ¬Êý¾Ý_600_6_10\600_6_10_337.bmp 488.313 257.875 9.35588 00
F:\Exp\4×é²»Í¬ÖÜÆÚ±ä¾àÊµÑéÊý¾Ý\Ô­Ê¼Í¼ÏñÊý¾Ý\²É¼¯Í¼Æ¬Êý¾Ý_600_6_05\²É¼¯Í¼Æ¬Êý¾Ý_600_6_10\600_6_10_338.bmp 452.938 256.625 9.13801 00
F:\Exp\4×é²»Í¬ÖÜÆÚ±ä¾àÊµÑéÊý¾Ý\Ô­Ê¼Í¼ÏñÊý¾Ý\²É¼¯Í¼Æ¬Êý¾Ý_600_6_05\²É¼¯Í¼Æ¬Êý¾Ý_600_6_10\600_6_10_339.bmp 452.938 256.625 9.13801 00
F:\Exp\4×é²»Í¬ÖÜÆÚ±ä¾àÊµÑéÊý¾Ý\Ô­Ê¼Í¼ÏñÊý¾Ý\²É¼¯Í¼Æ¬Êý¾Ý_600_6_05\²É¼¯Í¼Æ¬Êý¾Ý_600_6_10\600_6_10_34.bmp 484.188 267.625 9.01251 00
F:\Exp\4×é²»Í¬ÖÜÆÚ±ä¾àÊµÑéÊý¾Ý\Ô­Ê¼Í¼ÏñÊý¾Ý\²É¼¯Í¼Æ¬Êý¾Ý_600_6_05\²É¼¯Í¼Æ¬Êý¾Ý_600_6_10\600_6_10_340.bmp 484.313 256.875 9.35588 00
F:\Exp\4×é²»Í¬ÖÜÆÚ±ä¾àÊµÑéÊý¾Ý\Ô­Ê¼Í¼ÏñÊý¾Ý\²É¼¯Í¼Æ¬Êý¾Ý_600_6_05\²É¼¯Í¼Æ¬Êý¾Ý_600_6_10\600_6_10_341.bmp 484.313 256.875 9.35588 00
F:\Exp\4×é²»Í¬ÖÜÆÚ±ä¾àÊµÑéÊý¾Ý\Ô­Ê¼Í¼ÏñÊý¾Ý\²É¼¯Í¼Æ¬Êý¾Ý_600_6_05\²É¼¯Í¼Æ¬Êý¾Ý_600_6_10\600_6_10_342.bmp 468.732 256.25 9.3293 00
F:\Exp\4×é²»Í¬ÖÜÆÚ±ä¾àÊµÑéÊý¾Ý\Ô­Ê¼Í¼ÏñÊý¾Ý\²É¼¯Í¼Æ¬Êý¾Ý_600_6_05\²É¼¯Í¼Æ¬Êý¾Ý_600_6_10\600_6_10_343.bmp 468.732 256.25 9.3293 00
F:\Exp\4×é²»Í¬ÖÜÆÚ±ä¾àÊµÑéÊý¾Ý\Ô­Ê¼Í¼ÏñÊý¾Ý\²É¼¯Í¼Æ¬Êý¾Ý_600_6_05\²É¼¯Í¼Æ¬Êý¾Ý_600_6_10\600_6_10_344.bmp 490.188 257 9.55098 00
F:\Exp\4×é²»Í¬ÖÜÆÚ±ä¾àÊµÑéÊý¾Ý\Ô­Ê¼Í¼ÏñÊý¾Ý\²É¼¯Í¼Æ¬Êý¾Ý_600_6_05\²É¼¯Í¼Æ¬Êý¾Ý_600_6_10\600_6_10_345.bmp 490.188 257 9.55098 00
F:\Exp\4×é²»Í¬ÖÜÆÚ±ä¾àÊµÑéÊý¾Ý\Ô­Ê¼Í¼ÏñÊý¾Ý\²É¼¯Í¼Æ¬Êý¾Ý_600_6_05\²É¼¯Í¼Æ¬Êý¾Ý_600_6_10\600_6_10_346.bmp 452.688 257.625 9.15623 00
F:\Exp\4×é²»Í¬ÖÜÆÚ±ä¾àÊµÑéÊý¾Ý\Ô­Ê¼Í¼ÏñÊý¾Ý\²É¼¯Í¼Æ¬Êý¾Ý_600_6_05\²É¼¯Í¼Æ¬Êý¾Ý_600_6_10\600_6_10_347.bmp 452.688 257.625 9.15623 00
F:\Exp\4×é²»Í¬ÖÜÆÚ±ä¾àÊµÑéÊý¾Ý\Ô­Ê¼Í¼ÏñÊý¾Ý\²É¼¯Í¼Æ¬Êý¾Ý_600_6_05\²É¼¯Í¼Æ¬Êý¾Ý_600_6_10\600_6_10_348.bmp 483.732 259.25 9.3293 00
F:\Exp\4×é²»Í¬ÖÜÆÚ±ä¾àÊµÑéÊý¾Ý\Ô­Ê¼Í¼ÏñÊý¾Ý\²É¼¯Í¼Æ¬Êý¾Ý_600_6_05\²É¼¯Í¼Æ¬Êý¾Ý_600_6_10\600_6_10_349.bmp 483.732 259.25 9.3293 00
F:\Exp\4×é²»Í¬ÖÜÆÚ±ä¾àÊµÑéÊý¾Ý\Ô­Ê¼Í¼ÏñÊý¾Ý\²É¼¯Í¼Æ¬Êý¾Ý_600_6_05\²É¼¯Í¼Æ¬Êý¾Ý_600_6_10\600_6_10_35.bmp 462.063 265.75 9.20677 00
F:\Exp\4×é²»Í¬ÖÜÆÚ±ä¾àÊµÑéÊý¾Ý\Ô­Ê¼Í¼ÏñÊý¾Ý\²É¼¯Í¼Æ¬Êý¾Ý_600_6_05\²É¼¯Í¼Æ¬Êý¾Ý_600_6_10\600_6_10_350.bmp 466.313 257.875 9.35588 00
F:\Exp\4×é²»Í¬ÖÜÆÚ±ä¾àÊµÑéÊý¾Ý\Ô­Ê¼Í¼ÏñÊý¾Ý\²É¼¯Í¼Æ¬Êý¾Ý_600_6_05\²É¼¯Í¼Æ¬Êý¾Ý_600_6_10\600_6_10_351.bmp 466.313 257.875 9.35588 00
F:\Exp\4×é²»Í¬ÖÜÆÚ±ä¾àÊµÑéÊý¾Ý\Ô­Ê¼Í¼ÏñÊý¾Ý\²É¼¯Í¼Æ¬Êý¾Ý_600_6_05\²É¼¯Í¼Æ¬Êý¾Ý_600_6_10\600_6_10_352.bmp 486.25 257.25 9.18419 00
F:\Exp\4×é²»Í¬ÖÜÆÚ±ä¾àÊµÑéÊý¾Ý\Ô­Ê¼Í¼ÏñÊý¾Ý\²É¼¯Í¼Æ¬Êý¾Ý_600_6_05\²É¼¯Í¼Æ¬Êý¾Ý_600_6_10\600_6_10_353.bmp 486.25 257.25 9.18419 00
F:\Exp\4×é²»Í¬ÖÜÆÚ±ä¾àÊµÑéÊý¾Ý\Ô­Ê¼Í¼ÏñÊý¾Ý\²É¼¯Í¼Æ¬Êý¾Ý_600_6_05\²É¼¯Í¼Æ¬Êý¾Ý_600_6_10\600_6_10_354.bmp 470.313 255.875 9.35588 00
F:\Exp\4×é²»Í¬ÖÜÆÚ±ä¾àÊµÑéÊý¾Ý\Ô­Ê¼Í¼ÏñÊý¾Ý\²É¼¯Í¼Æ¬Êý¾Ý_600_6_05\²É¼¯Í¼Æ¬Êý¾Ý_600_6_10\600_6_10_355.bmp 470.313 255.875 9.35588 00
F:\Exp\4×é²»Í¬ÖÜÆÚ±ä¾àÊµÑéÊý¾Ý\Ô­Ê¼Í¼ÏñÊý¾Ý\²É¼¯Í¼Æ¬Êý¾Ý_600_6_05\²É¼¯Í¼Æ¬Êý¾Ý_600_6_10\600_6_10_356.bmp 472.25 257.25 9.18419 00
F:\Exp\4×é²»Í¬ÖÜÆÚ±ä¾àÊµÑéÊý¾Ý\Ô­Ê¼Í¼ÏñÊý¾Ý\²É¼¯Í¼Æ¬Êý¾Ý_600_6_05\²É¼¯Í¼Æ¬Êý¾Ý_600_6_10\600_6_10_357.bmp 472.25 257.25 9.18419 00
F:\Exp\4×é²»Í¬ÖÜÆÚ±ä¾àÊµÑéÊý¾Ý\Ô­Ê¼Í¼ÏñÊý¾Ý\²É¼¯Í¼Æ¬Êý¾Ý_600_6_05\²É¼¯Í¼Æ¬Êý¾Ý_600_6_10\600_6_10_358.bmp 462.313 254.875 9.35588 00
F:\Exp\4×é²»Í¬ÖÜÆÚ±ä¾àÊµÑéÊý¾Ý\Ô­Ê¼Í¼ÏñÊý¾Ý\²É¼¯Í¼Æ¬Êý¾Ý_600_6_05\²É¼¯Í¼Æ¬Êý¾Ý_600_6_10\600_6_10_359.bmp 462.313 254.875 9.35588 00
F:\Exp\4×é²»Í¬ÖÜÆÚ±ä¾àÊµÑéÊý¾Ý\Ô­Ê¼Í¼ÏñÊý¾Ý\²É¼¯Í¼Æ¬Êý¾Ý_600_6_05\²É¼¯Í¼Æ¬Êý¾Ý_600_6_10\600_6_10_36.bmp 462.063 265.75 9.20677 00
F:\Exp\4×é²»Í¬ÖÜÆÚ±ä¾àÊµÑéÊý¾Ý\Ô­Ê¼Í¼ÏñÊý¾Ý\²É¼¯Í¼Æ¬Êý¾Ý_600_6_05\²É¼¯Í¼Æ¬Êý¾Ý_600_6_10\600_6_10_360.bmp 483.438 256.75 9.16172 00
F:\Exp\4×é²»Í¬ÖÜÆÚ±ä¾àÊµÑéÊý¾Ý\Ô­Ê¼Í¼ÏñÊý¾Ý\²É¼¯Í¼Æ¬Êý¾Ý_600_6_05\²É¼¯Í¼Æ¬Êý¾Ý_600_6_10\600_6_10_361.bmp 483.438 256.75 9.16172 00
F:\Exp\4×é²»Í¬ÖÜÆÚ±ä¾àÊµÑéÊý¾Ý\Ô­Ê¼Í¼ÏñÊý¾Ý\²É¼¯Í¼Æ¬Êý¾Ý_600_6_05\²É¼¯Í¼Æ¬Êý¾Ý_600_6_10\600_6_10_362.bmp 464.813 256.75 9.33527 00
F:\Exp\4×é²»Í¬ÖÜÆÚ±ä¾àÊµÑéÊý¾Ý\Ô­Ê¼Í¼ÏñÊý¾Ý\²É¼¯Í¼Æ¬Êý¾Ý_600_6_05\²É¼¯Í¼Æ¬Êý¾Ý_600_6_10\600_6_10_363.bmp 464.813 256.75 9.33527 00
F:\Exp\4×é²»Í¬ÖÜÆÚ±ä¾àÊµÑéÊý¾Ý\Ô­Ê¼Í¼ÏñÊý¾Ý\²É¼¯Í¼Æ¬Êý¾Ý_600_6_05\²É¼¯Í¼Æ¬Êý¾Ý_600_6_10\600_6_10_364.bmp 484.063 259.75 9.20677 00
F:\Exp\4×é²»Í¬ÖÜÆÚ±ä¾àÊµÑéÊý¾Ý\Ô­Ê¼Í¼ÏñÊý¾Ý\²É¼¯Í¼Æ¬Êý¾Ý_600_6_05\²É¼¯Í¼Æ¬Êý¾Ý_600_6_10\600_6_10_365.bmp 484.063 259.75 9.20677 00
F:\Exp\4×é²»Í¬ÖÜÆÚ±ä¾àÊµÑéÊý¾Ý\Ô­Ê¼Í¼ÏñÊý¾Ý\²É¼¯Í¼Æ¬Êý¾Ý_600_6_05\²É¼¯Í¼Æ¬Êý¾Ý_600_6_10\600_6_10_366.bmp 468.732 259.25 9.3293 00
F:\Exp\4×é²»Í¬ÖÜÆÚ±ä¾àÊµÑéÊý¾Ý\Ô­Ê¼Í¼ÏñÊý¾Ý\²É¼¯Í¼Æ¬Êý¾Ý_600_6_05\²É¼¯Í¼Æ¬Êý¾Ý_600_6_10\600_6_10_367.bmp 468.732 259.25 9.3293 00
F:\Exp\4×é²»Í¬ÖÜÆÚ±ä¾àÊµÑéÊý¾Ý\Ô­Ê¼Í¼ÏñÊý¾Ý\²É¼¯Í¼Æ¬Êý¾Ý_600_6_05\²É¼¯Í¼Æ¬Êý¾Ý_600_6_10\600_6_10_368.bmp 463.688 259.625 9.15623 00
F:\Exp\4×é²»Í¬ÖÜÆÚ±ä¾àÊµÑéÊý¾Ý\Ô­Ê¼Í¼ÏñÊý¾Ý\²É¼¯Í¼Æ¬Êý¾Ý_600_6_05\²É¼¯Í¼Æ¬Êý¾Ý_600_6_10\600_6_10_369.bmp 463.688 259.625 9.15623 00
F:\Exp\4×é²»Í¬ÖÜÆÚ±ä¾àÊµÑéÊý¾Ý\Ô­Ê¼Í¼ÏñÊý¾Ý\²É¼¯Í¼Æ¬Êý¾Ý_600_6_05\²É¼¯Í¼Æ¬Êý¾Ý_600_6_10\600_6_10_37.bmp 484.188 265.625 9.01251 00
F:\Exp\4×é²»Í¬ÖÜÆÚ±ä¾àÊµÑéÊý¾Ý\Ô­Ê¼Í¼ÏñÊý¾Ý\²É¼¯Í¼Æ¬Êý¾Ý_600_6_05\²É¼¯Í¼Æ¬Êý¾Ý_600_6_10\600_6_10_370.bmp 456.188 259 9.55098 00
F:\Exp\4×é²»Í¬ÖÜÆÚ±ä¾àÊµÑéÊý¾Ý\Ô­Ê¼Í¼ÏñÊý¾Ý\²É¼¯Í¼Æ¬Êý¾Ý_600_6_05\²É¼¯Í¼Æ¬Êý¾Ý_600_6_10\600_6_10_371.bmp 456.188 259 9.55098 00
F:\Exp\4×é²»Í¬ÖÜÆÚ±ä¾àÊµÑéÊý¾Ý\Ô­Ê¼Í¼ÏñÊý¾Ý\²É¼¯Í¼Æ¬Êý¾Ý_600_6_05\²É¼¯Í¼Æ¬Êý¾Ý_600_6_10\600_6_10_372.bmp 476.688 259.625 9.15623 00
F:\Exp\4×é²»Í¬ÖÜÆÚ±ä¾àÊµÑéÊý¾Ý\Ô­Ê¼Í¼ÏñÊý¾Ý\²É¼¯Í¼Æ¬Êý¾Ý_600_6_05\²É¼¯Í¼Æ¬Êý¾Ý_600_6_10\600_6_10_373.bmp 476.688 259.625 9.15623 00
F:\Exp\4×é²»Í¬ÖÜÆÚ±ä¾àÊµÑéÊý¾Ý\Ô­Ê¼Í¼ÏñÊý¾Ý\²É¼¯Í¼Æ¬Êý¾Ý_600_6_05\²É¼¯Í¼Æ¬Êý¾Ý_600_6_10\600_6_10_374.bmp 458.063 257.875 9.37426 00
F:\Exp\4×é²»Í¬ÖÜÆÚ±ä¾àÊµÑéÊý¾Ý\Ô­Ê¼Í¼ÏñÊý¾Ý\²É¼¯Í¼Æ¬Êý¾Ý_600_6_05\²É¼¯Í¼Æ¬Êý¾Ý_600_6_10\600_6_10_375.bmp 458.063 257.875 9.37426 00
F:\Exp\4×é²»Í¬ÖÜÆÚ±ä¾àÊµÑéÊý¾Ý\Ô­Ê¼Í¼ÏñÊý¾Ý\²É¼¯Í¼Æ¬Êý¾Ý_600_6_05\²É¼¯Í¼Æ¬Êý¾Ý_600_6_10\600_6_10_376.bmp 480.063 257.875 9.37426 00
F:\Exp\4×é²»Í¬ÖÜÆÚ±ä¾àÊµÑéÊý¾Ý\Ô­Ê¼Í¼ÏñÊý¾Ý\²É¼¯Í¼Æ¬Êý¾Ý_600_6_05\²É¼¯Í¼Æ¬Êý¾Ý_600_6_10\600_6_10_377.bmp 480.063 257.875 9.37426 00
F:\Exp\4×é²»Í¬ÖÜÆÚ±ä¾àÊµÑéÊý¾Ý\Ô­Ê¼Í¼ÏñÊý¾Ý\²É¼¯Í¼Æ¬Êý¾Ý_600_6_05\²É¼¯Í¼Æ¬Êý¾Ý_600_6_10\600_6_10_378.bmp 464.125 255.375 9.37887 00
F:\Exp\4×é²»Í¬ÖÜÆÚ±ä¾àÊµÑéÊý¾Ý\Ô­Ê¼Í¼ÏñÊý¾Ý\²É¼¯Í¼Æ¬Êý¾Ý_600_6_05\²É¼¯Í¼Æ¬Êý¾Ý_600_6_10\600_6_10_379.bmp 464.125 255.375 9.37887 00
F:\Exp\4×é²»Í¬ÖÜÆÚ±ä¾àÊµÑéÊý¾Ý\Ô­Ê¼Í¼ÏñÊý¾Ý\²É¼¯Í¼Æ¬Êý¾Ý_600_6_05\²É¼¯Í¼Æ¬Êý¾Ý_600_6_10\600_6_10_38.bmp 484.188 265.625 9.01251 00
F:\Exp\4×é²»Í¬ÖÜÆÚ±ä¾àÊµÑéÊý¾Ý\Ô­Ê¼Í¼ÏñÊý¾Ý\²É¼¯Í¼Æ¬Êý¾Ý_600_6_05\²É¼¯Í¼Æ¬Êý¾Ý_600_6_10\600_6_10_380.bmp 485.313 255.875 9.35588 00
F:\Exp\4×é²»Í¬ÖÜÆÚ±ä¾àÊµÑéÊý¾Ý\Ô­Ê¼Í¼ÏñÊý¾Ý\²É¼¯Í¼Æ¬Êý¾Ý_600_6_05\²É¼¯Í¼Æ¬Êý¾Ý_600_6_10\600_6_10_381.bmp 485.313 255.875 9.35588 00
F:\Exp\4×é²»Í¬ÖÜÆÚ±ä¾àÊµÑéÊý¾Ý\Ô­Ê¼Í¼ÏñÊý¾Ý\²É¼¯Í¼Æ¬Êý¾Ý_600_6_05\²É¼¯Í¼Æ¬Êý¾Ý_600_6_10\600_6_10_382.bmp 469.839 254.375 9.50705 00
F:\Exp\4×é²»Í¬ÖÜÆÚ±ä¾àÊµÑéÊý¾Ý\Ô­Ê¼Í¼ÏñÊý¾Ý\²É¼¯Í¼Æ¬Êý¾Ý_600_6_05\²É¼¯Í¼Æ¬Êý¾Ý_600_6_10\600_6_10_383.bmp 469.839 254.375 9.50705 00
F:\Exp\4×é²»Í¬ÖÜÆÚ±ä¾àÊµÑéÊý¾Ý\Ô­Ê¼Í¼ÏñÊý¾Ý\²É¼¯Í¼Æ¬Êý¾Ý_600_6_05\²É¼¯Í¼Æ¬Êý¾Ý_600_6_10\600_6_10_384.bmp 490.188 255 9.55098 00
F:\Exp\4×é²»Í¬ÖÜÆÚ±ä¾àÊµÑéÊý¾Ý\Ô­Ê¼Í¼ÏñÊý¾Ý\²É¼¯Í¼Æ¬Êý¾Ý_600_6_05\²É¼¯Í¼Æ¬Êý¾Ý_600_6_10\600_6_10_385.bmp 490.188 255 9.55098 00
F:\Exp\4×é²»Í¬ÖÜÆÚ±ä¾àÊµÑéÊý¾Ý\Ô­Ê¼Í¼ÏñÊý¾Ý\²É¼¯Í¼Æ¬Êý¾Ý_600_6_05\²É¼¯Í¼Æ¬Êý¾Ý_600_6_10\600_6_10_386.bmp 473.813 254.875 9.50502 00
F:\Exp\4×é²»Í¬ÖÜÆÚ±ä¾àÊµÑéÊý¾Ý\Ô­Ê¼Í¼ÏñÊý¾Ý\²É¼¯Í¼Æ¬Êý¾Ý_600_6_05\²É¼¯Í¼Æ¬Êý¾Ý_600_6_10\600_6_10_387.bmp 473.813 254.875 9.50502 00
F:\Exp\4×é²»Í¬ÖÜÆÚ±ä¾àÊµÑéÊý¾Ý\Ô­Ê¼Í¼ÏñÊý¾Ý\²É¼¯Í¼Æ¬Êý¾Ý_600_6_05\²É¼¯Í¼Æ¬Êý¾Ý_600_6_10\600_6_10_388.bmp 474.732 257.25 9.3293 00
F:\Exp\4×é²»Í¬ÖÜÆÚ±ä¾àÊµÑéÊý¾Ý\Ô­Ê¼Í¼ÏñÊý¾Ý\²É¼¯Í¼Æ¬Êý¾Ý_600_6_05\²É¼¯Í¼Æ¬Êý¾Ý_600_6_10\600_6_10_389.bmp 474.732 257.25 9.3293 00
F:\Exp\4×é²»Í¬ÖÜÆÚ±ä¾àÊµÑéÊý¾Ý\Ô­Ê¼Í¼ÏñÊý¾Ý\²É¼¯Í¼Æ¬Êý¾Ý_600_6_05\²É¼¯Í¼Æ¬Êý¾Ý_600_6_10\600_6_10_39.bmp 460.525 264.25 9.168 00
F:\Exp\4×é²»Í¬ÖÜÆÚ±ä¾àÊµÑéÊý¾Ý\Ô­Ê¼Í¼ÏñÊý¾Ý\²É¼¯Í¼Æ¬Êý¾Ý_600_6_05\²É¼¯Í¼Æ¬Êý¾Ý_600_6_10\600_6_10_390.bmp 468.732 258.25 9.3293 00
F:\Exp\4×é²»Í¬ÖÜÆÚ±ä¾àÊµÑéÊý¾Ý\Ô­Ê¼Í¼ÏñÊý¾Ý\²É¼¯Í¼Æ¬Êý¾Ý_600_6_05\²É¼¯Í¼Æ¬Êý¾Ý_600_6_10\600_6_10_391.bmp 468.732 258.25 9.3293 00
F:\Exp\4×é²»Í¬ÖÜÆÚ±ä¾àÊµÑéÊý¾Ý\Ô­Ê¼Í¼ÏñÊý¾Ý\²É¼¯Í¼Æ¬Êý¾Ý_600_6_05\²É¼¯Í¼Æ¬Êý¾Ý_600_6_10\600_6_10_392.bmp 488.125 259.375 9.37887 00
F:\Exp\4×é²»Í¬ÖÜÆÚ±ä¾àÊµÑéÊý¾Ý\Ô­Ê¼Í¼ÏñÊý¾Ý\²É¼¯Í¼Æ¬Êý¾Ý_600_6_05\²É¼¯Í¼Æ¬Êý¾Ý_600_6_10\600_6_10_393.bmp 488.125 259.375 9.37887 00
F:\Exp\4×é²»Í¬ÖÜÆÚ±ä¾àÊµÑéÊý¾Ý\Ô­Ê¼Í¼ÏñÊý¾Ý\²É¼¯Í¼Æ¬Êý¾Ý_600_6_05\²É¼¯Í¼Æ¬Êý¾Ý_600_6_10\600_6_10_394.bmp 452.313 257.875 9.35588 00
F:\Exp\4×é²»Í¬ÖÜÆÚ±ä¾àÊµÑéÊý¾Ý\Ô­Ê¼Í¼ÏñÊý¾Ý\²É¼¯Í¼Æ¬Êý¾Ý_600_6_05\²É¼¯Í¼Æ¬Êý¾Ý_600_6_10\600_6_10_395.bmp 452.313 257.875 9.35588 00
F:\Exp\4×é²»Í¬ÖÜÆÚ±ä¾àÊµÑéÊý¾Ý\Ô­Ê¼Í¼ÏñÊý¾Ý\²É¼¯Í¼Æ¬Êý¾Ý_600_6_05\²É¼¯Í¼Æ¬Êý¾Ý_600_6_10\600_6_10_396.bmp 480.018 258.25 9.20354 00
F:\Exp\4×é²»Í¬ÖÜÆÚ±ä¾àÊµÑéÊý¾Ý\Ô­Ê¼Í¼ÏñÊý¾Ý\²É¼¯Í¼Æ¬Êý¾Ý_600_6_05\²É¼¯Í¼Æ¬Êý¾Ý_600_6_10\600_6_10_397.bmp 480.018 258.25 9.20354 00
F:\Exp\4×é²»Í¬ÖÜÆÚ±ä¾àÊµÑéÊý¾Ý\Ô­Ê¼Í¼ÏñÊý¾Ý\²É¼¯Í¼Æ¬Êý¾Ý_600_6_05\²É¼¯Í¼Æ¬Êý¾Ý_600_6_10\600_6_10_398.bmp 462.313 256.875 9.35588 00
F:\Exp\4×é²»Í¬ÖÜÆÚ±ä¾àÊµÑéÊý¾Ý\Ô­Ê¼Í¼ÏñÊý¾Ý\²É¼¯Í¼Æ¬Êý¾Ý_600_6_05\²É¼¯Í¼Æ¬Êý¾Ý_600_6_10\600_6_10_399.bmp 462.313 256.875 9.35588 00
F:\Exp\4×é²»Í¬ÖÜÆÚ±ä¾àÊµÑéÊý¾Ý\Ô­Ê¼Í¼ÏñÊý¾Ý\²É¼¯Í¼Æ¬Êý¾Ý_600_6_05\²É¼¯Í¼Æ¬Êý¾Ý_600_6_10\600_6_10_4.bmp 447.732 265.25 9.3293 00
F:\Exp\4×é²»Í¬ÖÜÆÚ±ä¾àÊµÑéÊý¾Ý\Ô­Ê¼Í¼ÏñÊý¾Ý\²É¼¯Í¼Æ¬Êý¾Ý_600_6_05\²É¼¯Í¼Æ¬Êý¾Ý_600_6_10\600_6_10_40.bmp 460.525 264.25 9.168 00
F:\Exp\4×é²»Í¬ÖÜÆÚ±ä¾àÊµÑéÊý¾Ý\Ô­Ê¼Í¼ÏñÊý¾Ý\²É¼¯Í¼Æ¬Êý¾Ý_600_6_05\²É¼¯Í¼Æ¬Êý¾Ý_600_6_10\600_6_10_400.bmp 478.188 257 9.55098 00
F:\Exp\4×é²»Í¬ÖÜÆÚ±ä¾àÊµÑéÊý¾Ý\Ô­Ê¼Í¼ÏñÊý¾Ý\²É¼¯Í¼Æ¬Êý¾Ý_600_6_05\²É¼¯Í¼Æ¬Êý¾Ý_600_6_10\600_6_10_401.bmp 478.188 257 9.55098 00
F:\Exp\4×é²»Í¬ÖÜÆÚ±ä¾àÊµÑéÊý¾Ý\Ô­Ê¼Í¼ÏñÊý¾Ý\²É¼¯Í¼Æ¬Êý¾Ý_600_6_05\²É¼¯Í¼Æ¬Êý¾Ý_600_6_10\600_6_10_402.bmp 484.018 256.25 9.20354 00
F:\Exp\4×é²»Í¬ÖÜÆÚ±ä¾àÊµÑéÊý¾Ý\Ô­Ê¼Í¼ÏñÊý¾Ý\²É¼¯Í¼Æ¬Êý¾Ý_600_6_05\²É¼¯Í¼Æ¬Êý¾Ý_600_6_10\600_6_10_403.bmp 484.018 256.25 9.20354 00
F:\Exp\4×é²»Í¬ÖÜÆÚ±ä¾àÊµÑéÊý¾Ý\Ô­Ê¼Í¼ÏñÊý¾Ý\²É¼¯Í¼Æ¬Êý¾Ý_600_6_05\²É¼¯Í¼Æ¬Êý¾Ý_600_6_10\600_6_10_404.bmp 467.732 255.25 9.3293 00
F:\Exp\4×é²»Í¬ÖÜÆÚ±ä¾àÊµÑéÊý¾Ý\Ô­Ê¼Í¼ÏñÊý¾Ý\²É¼¯Í¼Æ¬Êý¾Ý_600_6_05\²É¼¯Í¼Æ¬Êý¾Ý_600_6_10\600_6_10_405.bmp 467.732 255.25 9.3293 00
F:\Exp\4×é²»Í¬ÖÜÆÚ±ä¾àÊµÑéÊý¾Ý\Ô­Ê¼Í¼ÏñÊý¾Ý\²É¼¯Í¼Æ¬Êý¾Ý_600_6_05\²É¼¯Í¼Æ¬Êý¾Ý_600_6_10\600_6_10_406.bmp 484.125 255.375 9.37887 00
F:\Exp\4×é²»Í¬ÖÜÆÚ±ä¾àÊµÑéÊý¾Ý\Ô­Ê¼Í¼ÏñÊý¾Ý\²É¼¯Í¼Æ¬Êý¾Ý_600_6_05\²É¼¯Í¼Æ¬Êý¾Ý_600_6_10\600_6_10_407.bmp 484.125 255.375 9.37887 00
F:\Exp\4×é²»Í¬ÖÜÆÚ±ä¾àÊµÑéÊý¾Ý\Ô­Ê¼Í¼ÏñÊý¾Ý\²É¼¯Í¼Æ¬Êý¾Ý_600_6_05\²É¼¯Í¼Æ¬Êý¾Ý_600_6_10\600_6_10_41.bmp 482.25 263.25 9.18419 00
F:\Exp\4×é²»Í¬ÖÜÆÚ±ä¾àÊµÑéÊý¾Ý\Ô­Ê¼Í¼ÏñÊý¾Ý\²É¼¯Í¼Æ¬Êý¾Ý_600_6_05\²É¼¯Í¼Æ¬Êý¾Ý_600_6_10\600_6_10_42.bmp 482.25 263.25 9.18419 00
F:\Exp\4×é²»Í¬ÖÜÆÚ±ä¾àÊµÑéÊý¾Ý\Ô­Ê¼Í¼ÏñÊý¾Ý\²É¼¯Í¼Æ¬Êý¾Ý_600_6_05\²É¼¯Í¼Æ¬Êý¾Ý_600_6_10\600_6_10_43.bmp 460.813 260.75 9.33527 00
F:\Exp\4×é²»Í¬ÖÜÆÚ±ä¾àÊµÑéÊý¾Ý\Ô­Ê¼Í¼ÏñÊý¾Ý\²É¼¯Í¼Æ¬Êý¾Ý_600_6_05\²É¼¯Í¼Æ¬Êý¾Ý_600_6_10\600_6_10_44.bmp 460.813 260.75 9.33527 00
F:\Exp\4×é²»Í¬ÖÜÆÚ±ä¾àÊµÑéÊý¾Ý\Ô­Ê¼Í¼ÏñÊý¾Ý\²É¼¯Í¼Æ¬Êý¾Ý_600_6_05\²É¼¯Í¼Æ¬Êý¾Ý_600_6_10\600_6_10_45.bmp 482.25 263.25 9.18419 00
F:\Exp\4×é²»Í¬ÖÜÆÚ±ä¾àÊµÑéÊý¾Ý\Ô­Ê¼Í¼ÏñÊý¾Ý\²É¼¯Í¼Æ¬Êý¾Ý_600_6_05\²É¼¯Í¼Æ¬Êý¾Ý_600_6_10\600_6_10_46.bmp 482.25 263.25 9.18419 00
F:\Exp\4×é²»Í¬ÖÜÆÚ±ä¾àÊµÑéÊý¾Ý\Ô­Ê¼Í¼ÏñÊý¾Ý\²É¼¯Í¼Æ¬Êý¾Ý_600_6_05\²É¼¯Í¼Æ¬Êý¾Ý_600_6_10\600_6_10_47.bmp 458.25 262.25 9.18419 00
F:\Exp\4×é²»Í¬ÖÜÆÚ±ä¾àÊµÑéÊý¾Ý\Ô­Ê¼Í¼ÏñÊý¾Ý\²É¼¯Í¼Æ¬Êý¾Ý_600_6_05\²É¼¯Í¼Æ¬Êý¾Ý_600_6_10\600_6_10_48.bmp 458.25 262.25 9.18419 00
F:\Exp\4×é²»Í¬ÖÜÆÚ±ä¾àÊµÑéÊý¾Ý\Ô­Ê¼Í¼ÏñÊý¾Ý\²É¼¯Í¼Æ¬Êý¾Ý_600_6_05\²É¼¯Í¼Æ¬Êý¾Ý_600_6_10\600_6_10_49.bmp 476.018 262.25 9.20354 00
F:\Exp\4×é²»Í¬ÖÜÆÚ±ä¾àÊµÑéÊý¾Ý\Ô­Ê¼Í¼ÏñÊý¾Ý\²É¼¯Í¼Æ¬Êý¾Ý_600_6_05\²É¼¯Í¼Æ¬Êý¾Ý_600_6_10\600_6_10_5.bmp 482.313 264.875 9.35588 00
F:\Exp\4×é²»Í¬ÖÜÆÚ±ä¾àÊµÑéÊý¾Ý\Ô­Ê¼Í¼ÏñÊý¾Ý\²É¼¯Í¼Æ¬Êý¾Ý_600_6_05\²É¼¯Í¼Æ¬Êý¾Ý_600_6_10\600_6_10_50.bmp 476.018 262.25 9.20354 00
F:\Exp\4×é²»Í¬ÖÜÆÚ±ä¾àÊµÑéÊý¾Ý\Ô­Ê¼Í¼ÏñÊý¾Ý\²É¼¯Í¼Æ¬Êý¾Ý_600_6_05\²É¼¯Í¼Æ¬Êý¾Ý_600_6_10\600_6_10_51.bmp 476.313 259.875 9.35588 00
F:\Exp\4×é²»Í¬ÖÜÆÚ±ä¾àÊµÑéÊý¾Ý\Ô­Ê¼Í¼ÏñÊý¾Ý\²É¼¯Í¼Æ¬Êý¾Ý_600_6_05\²É¼¯Í¼Æ¬Êý¾Ý_600_6_10\600_6_10_52.bmp 476.313 259.875 9.35588 00
F:\Exp\4×é²»Í¬ÖÜÆÚ±ä¾àÊµÑéÊý¾Ý\Ô­Ê¼Í¼ÏñÊý¾Ý\²É¼¯Í¼Æ¬Êý¾Ý_600_6_05\²É¼¯Í¼Æ¬Êý¾Ý_600_6_10\600_6_10_53.bmp 480.313 258.875 9.35588 00
F:\Exp\4×é²»Í¬ÖÜÆÚ±ä¾àÊµÑéÊý¾Ý\Ô­Ê¼Í¼ÏñÊý¾Ý\²É¼¯Í¼Æ¬Êý¾Ý_600_6_05\²É¼¯Í¼Æ¬Êý¾Ý_600_6_10\600_6_10_54.bmp 480.313 258.875 9.35588 00
F:\Exp\4×é²»Í¬ÖÜÆÚ±ä¾àÊµÑéÊý¾Ý\Ô­Ê¼Í¼ÏñÊý¾Ý\²É¼¯Í¼Æ¬Êý¾Ý_600_6_05\²É¼¯Í¼Æ¬Êý¾Ý_600_6_10\600_6_10_55.bmp 460.438 256.75 9.16172 00
F:\Exp\4×é²»Í¬ÖÜÆÚ±ä¾àÊµÑéÊý¾Ý\Ô­Ê¼Í¼ÏñÊý¾Ý\²É¼¯Í¼Æ¬Êý¾Ý_600_6_05\²É¼¯Í¼Æ¬Êý¾Ý_600_6_10\600_6_10_56.bmp 460.438 256.75 9.16172 00
F:\Exp\4×é²»Í¬ÖÜÆÚ±ä¾àÊµÑéÊý¾Ý\Ô­Ê¼Í¼ÏñÊý¾Ý\²É¼¯Í¼Æ¬Êý¾Ý_600_6_05\²É¼¯Í¼Æ¬Êý¾Ý_600_6_10\600_6_10_57.bmp 474.063 255.75 9.20677 00
F:\Exp\4×é²»Í¬ÖÜÆÚ±ä¾àÊµÑéÊý¾Ý\Ô­Ê¼Í¼ÏñÊý¾Ý\²É¼¯Í¼Æ¬Êý¾Ý_600_6_05\²É¼¯Í¼Æ¬Êý¾Ý_600_6_10\600_6_10_58.bmp 474.063 255.75 9.20677 00
F:\Exp\4×é²»Í¬ÖÜÆÚ±ä¾àÊµÑéÊý¾Ý\Ô­Ê¼Í¼ÏñÊý¾Ý\²É¼¯Í¼Æ¬Êý¾Ý_600_6_05\²É¼¯Í¼Æ¬Êý¾Ý_600_6_10\600_6_10_59.bmp 476.525 254.375 9.33482 00
F:\Exp\4×é²»Í¬ÖÜÆÚ±ä¾àÊµÑéÊý¾Ý\Ô­Ê¼Í¼ÏñÊý¾Ý\²É¼¯Í¼Æ¬Êý¾Ý_600_6_05\²É¼¯Í¼Æ¬Êý¾Ý_600_6_10\600_6_10_6.bmp 482.313 264.875 9.35588 00
F:\Exp\4×é²»Í¬ÖÜÆÚ±ä¾àÊµÑéÊý¾Ý\Ô­Ê¼Í¼ÏñÊý¾Ý\²É¼¯Í¼Æ¬Êý¾Ý_600_6_05\²É¼¯Í¼Æ¬Êý¾Ý_600_6_10\600_6_10_60.bmp 476.525 254.375 9.33482 00
F:\Exp\4×é²»Í¬ÖÜÆÚ±ä¾àÊµÑéÊý¾Ý\Ô­Ê¼Í¼ÏñÊý¾Ý\²É¼¯Í¼Æ¬Êý¾Ý_600_6_05\²É¼¯Í¼Æ¬Êý¾Ý_600_6_10\600_6_10_61.bmp 482.813 254.75 9.33527 00
F:\Exp\4×é²»Í¬ÖÜÆÚ±ä¾àÊµÑéÊý¾Ý\Ô­Ê¼Í¼ÏñÊý¾Ý\²É¼¯Í¼Æ¬Êý¾Ý_600_6_05\²É¼¯Í¼Æ¬Êý¾Ý_600_6_10\600_6_10_62.bmp 482.813 254.75 9.33527 00
F:\Exp\4×é²»Í¬ÖÜÆÚ±ä¾àÊµÑéÊý¾Ý\Ô­Ê¼Í¼ÏñÊý¾Ý\²É¼¯Í¼Æ¬Êý¾Ý_600_6_05\²É¼¯Í¼Æ¬Êý¾Ý_600_6_10\600_6_10_63.bmp 464.438 252.75 9.16172 00
F:\Exp\4×é²»Í¬ÖÜÆÚ±ä¾àÊµÑéÊý¾Ý\Ô­Ê¼Í¼ÏñÊý¾Ý\²É¼¯Í¼Æ¬Êý¾Ý_600_6_05\²É¼¯Í¼Æ¬Êý¾Ý_600_6_10\600_6_10_64.bmp 464.438 252.75 9.16172 00
F:\Exp\4×é²»Í¬ÖÜÆÚ±ä¾àÊµÑéÊý¾Ý\Ô­Ê¼Í¼ÏñÊý¾Ý\²É¼¯Í¼Æ¬Êý¾Ý_600_6_05\²É¼¯Í¼Æ¬Êý¾Ý_600_6_10\600_6_10_65.bmp 480.125 252.375 9.37887 00
F:\Exp\4×é²»Í¬ÖÜÆÚ±ä¾àÊµÑéÊý¾Ý\Ô­Ê¼Í¼ÏñÊý¾Ý\²É¼¯Í¼Æ¬Êý¾Ý_600_6_05\²É¼¯Í¼Æ¬Êý¾Ý_600_6_10\600_6_10_66.bmp 480.125 252.375 9.37887 00
F:\Exp\4×é²»Í¬ÖÜÆÚ±ä¾àÊµÑéÊý¾Ý\Ô­Ê¼Í¼ÏñÊý¾Ý\²É¼¯Í¼Æ¬Êý¾Ý_600_6_05\²É¼¯Í¼Æ¬Êý¾Ý_600_6_10\600_6_10_67.bmp 486.125 249.375 9.37887 00
F:\Exp\4×é²»Í¬ÖÜÆÚ±ä¾àÊµÑéÊý¾Ý\Ô­Ê¼Í¼ÏñÊý¾Ý\²É¼¯Í¼Æ¬Êý¾Ý_600_6_05\²É¼¯Í¼Æ¬Êý¾Ý_600_6_10\600_6_10_68.bmp 486.125 249.375 9.37887 00
F:\Exp\4×é²»Í¬ÖÜÆÚ±ä¾àÊµÑéÊý¾Ý\Ô­Ê¼Í¼ÏñÊý¾Ý\²É¼¯Í¼Æ¬Êý¾Ý_600_6_05\²É¼¯Í¼Æ¬Êý¾Ý_600_6_10\600_6_10_69.bmp 470.25 248.25 9.18419 00
F:\Exp\4×é²»Í¬ÖÜÆÚ±ä¾àÊµÑéÊý¾Ý\Ô­Ê¼Í¼ÏñÊý¾Ý\²É¼¯Í¼Æ¬Êý¾Ý_600_6_05\²É¼¯Í¼Æ¬Êý¾Ý_600_6_10\600_6_10_7.bmp 462.313 262.875 9.35588 00
F:\Exp\4×é²»Í¬ÖÜÆÚ±ä¾àÊµÑéÊý¾Ý\Ô­Ê¼Í¼ÏñÊý¾Ý\²É¼¯Í¼Æ¬Êý¾Ý_600_6_05\²É¼¯Í¼Æ¬Êý¾Ý_600_6_10\600_6_10_70.bmp 470.25 248.25 9.18419 00
F:\Exp\4×é²»Í¬ÖÜÆÚ±ä¾àÊµÑéÊý¾Ý\Ô­Ê¼Í¼ÏñÊý¾Ý\²É¼¯Í¼Æ¬Êý¾Ý_600_6_05\²É¼¯Í¼Æ¬Êý¾Ý_600_6_10\600_6_10_71.bmp 484.438 246.75 9.16172 00
F:\Exp\4×é²»Í¬ÖÜÆÚ±ä¾àÊµÑéÊý¾Ý\Ô­Ê¼Í¼ÏñÊý¾Ý\²É¼¯Í¼Æ¬Êý¾Ý_600_6_05\²É¼¯Í¼Æ¬Êý¾Ý_600_6_10\600_6_10_72.bmp 484.438 246.75 9.16172 00
F:\Exp\4×é²»Í¬ÖÜÆÚ±ä¾àÊµÑéÊý¾Ý\Ô­Ê¼Í¼ÏñÊý¾Ý\²É¼¯Í¼Æ¬Êý¾Ý_600_6_05\²É¼¯Í¼Æ¬Êý¾Ý_600_6_10\600_6_10_73.bmp 470.188 247.625 9.01251 00
F:\Exp\4×é²»Í¬ÖÜÆÚ±ä¾àÊµÑéÊý¾Ý\Ô­Ê¼Í¼ÏñÊý¾Ý\²É¼¯Í¼Æ¬Êý¾Ý_600_6_05\²É¼¯Í¼Æ¬Êý¾Ý_600_6_10\600_6_10_74.bmp 470.188 247.625 9.01251 00
F:\Exp\4×é²»Í¬ÖÜÆÚ±ä¾àÊµÑéÊý¾Ý\Ô­Ê¼Í¼ÏñÊý¾Ý\²É¼¯Í¼Æ¬Êý¾Ý_600_6_05\²É¼¯Í¼Æ¬Êý¾Ý_600_6_10\600_6_10_75.bmp 462.525 248.25 9.168 00
F:\Exp\4×é²»Í¬ÖÜÆÚ±ä¾àÊµÑéÊý¾Ý\Ô­Ê¼Í¼ÏñÊý¾Ý\²É¼¯Í¼Æ¬Êý¾Ý_600_6_05\²É¼¯Í¼Æ¬Êý¾Ý_600_6_10\600_6_10_76.bmp 462.525 248.25 9.168 00
F:\Exp\4×é²»Í¬ÖÜÆÚ±ä¾àÊµÑéÊý¾Ý\Ô­Ê¼Í¼ÏñÊý¾Ý\²É¼¯Í¼Æ¬Êý¾Ý_600_6_05\²É¼¯Í¼Æ¬Êý¾Ý_600_6_10\600_6_10_77.bmp 484.313 248.875 9.35588 00
F:\Exp\4×é²»Í¬ÖÜÆÚ±ä¾àÊµÑéÊý¾Ý\Ô­Ê¼Í¼ÏñÊý¾Ý\²É¼¯Í¼Æ¬Êý¾Ý_600_6_05\²É¼¯Í¼Æ¬Êý¾Ý_600_6_10\600_6_10_78.bmp 484.313 248.875 9.35588 00
F:\Exp\4×é²»Í¬ÖÜÆÚ±ä¾àÊµÑéÊý¾Ý\Ô­Ê¼Í¼ÏñÊý¾Ý\²É¼¯Í¼Æ¬Êý¾Ý_600_6_05\²É¼¯Í¼Æ¬Êý¾Ý_600_6_10\600_6_10_79.bmp 468.25 248.25 9.18419 00
F:\Exp\4×é²»Í¬ÖÜÆÚ±ä¾àÊµÑéÊý¾Ý\Ô­Ê¼Í¼ÏñÊý¾Ý\²É¼¯Í¼Æ¬Êý¾Ý_600_6_05\²É¼¯Í¼Æ¬Êý¾Ý_600_6_10\600_6_10_8.bmp 462.313 262.875 9.35588 00
F:\Exp\4×é²»Í¬ÖÜÆÚ±ä¾àÊµÑéÊý¾Ý\Ô­Ê¼Í¼ÏñÊý¾Ý\²É¼¯Í¼Æ¬Êý¾Ý_600_6_05\²É¼¯Í¼Æ¬Êý¾Ý_600_6_10\600_6_10_80.bmp 468.25 248.25 9.18419 00
F:\Exp\4×é²»Í¬ÖÜÆÚ±ä¾àÊµÑéÊý¾Ý\Ô­Ê¼Í¼ÏñÊý¾Ý\²É¼¯Í¼Æ¬Êý¾Ý_600_6_05\²É¼¯Í¼Æ¬Êý¾Ý_600_6_10\600_6_10_81.bmp 488.438 248.75 9.16172 00
F:\Exp\4×é²»Í¬ÖÜÆÚ±ä¾àÊµÑéÊý¾Ý\Ô­Ê¼Í¼ÏñÊý¾Ý\²É¼¯Í¼Æ¬Êý¾Ý_600_6_05\²É¼¯Í¼Æ¬Êý¾Ý_600_6_10\600_6_10_82.bmp 488.438 248.75 9.16172 00
F:\Exp\4×é²»Í¬ÖÜÆÚ±ä¾àÊµÑéÊý¾Ý\Ô­Ê¼Í¼ÏñÊý¾Ý\²É¼¯Í¼Æ¬Êý¾Ý_600_6_05\²É¼¯Í¼Æ¬Êý¾Ý_600_6_10\600_6_10_83.bmp 474.063 246.75 9.20677 00
F:\Exp\4×é²»Í¬ÖÜÆÚ±ä¾àÊµÑéÊý¾Ý\Ô­Ê¼Í¼ÏñÊý¾Ý\²É¼¯Í¼Æ¬Êý¾Ý_600_6_05\²É¼¯Í¼Æ¬Êý¾Ý_600_6_10\600_6_10_84.bmp 474.063 246.75 9.20677 00
F:\Exp\4×é²»Í¬ÖÜÆÚ±ä¾àÊµÑéÊý¾Ý\Ô­Ê¼Í¼ÏñÊý¾Ý\²É¼¯Í¼Æ¬Êý¾Ý_600_6_05\²É¼¯Í¼Æ¬Êý¾Ý_600_6_10\600_6_10_85.bmp 471.688 244.625 9.15623 00
F:\Exp\4×é²»Í¬ÖÜÆÚ±ä¾àÊµÑéÊý¾Ý\Ô­Ê¼Í¼ÏñÊý¾Ý\²É¼¯Í¼Æ¬Êý¾Ý_600_6_05\²É¼¯Í¼Æ¬Êý¾Ý_600_6_10\600_6_10_86.bmp 471.688 244.625 9.15623 00
F:\Exp\4×é²»Í¬ÖÜÆÚ±ä¾àÊµÑéÊý¾Ý\Ô­Ê¼Í¼ÏñÊý¾Ý\²É¼¯Í¼Æ¬Êý¾Ý_600_6_05\²É¼¯Í¼Æ¬Êý¾Ý_600_6_10\600_6_10_87.bmp 462.188 243.625 9.01251 00
F:\Exp\4×é²»Í¬ÖÜÆÚ±ä¾àÊµÑéÊý¾Ý\Ô­Ê¼Í¼ÏñÊý¾Ý\²É¼¯Í¼Æ¬Êý¾Ý_600_6_05\²É¼¯Í¼Æ¬Êý¾Ý_600_6_10\600_6_10_88.bmp 462.188 243.625 9.01251 00
F:\Exp\4×é²»Í¬ÖÜÆÚ±ä¾àÊµÑéÊý¾Ý\Ô­Ê¼Í¼ÏñÊý¾Ý\²É¼¯Í¼Æ¬Êý¾Ý_600_6_05\²É¼¯Í¼Æ¬Êý¾Ý_600_6_10\600_6_10_89.bmp 480.188 241.625 9.01251 00
F:\Exp\4×é²»Í¬ÖÜÆÚ±ä¾àÊµÑéÊý¾Ý\Ô­Ê¼Í¼ÏñÊý¾Ý\²É¼¯Í¼Æ¬Êý¾Ý_600_6_05\²É¼¯Í¼Æ¬Êý¾Ý_600_6_10\600_6_10_9.bmp 490.188 264 9.55098 00
F:\Exp\4×é²»Í¬ÖÜÆÚ±ä¾àÊµÑéÊý¾Ý\Ô­Ê¼Í¼ÏñÊý¾Ý\²É¼¯Í¼Æ¬Êý¾Ý_600_6_05\²É¼¯Í¼Æ¬Êý¾Ý_600_6_10\600_6_10_90.bmp 480.188 241.625 9.01251 00
F:\Exp\4×é²»Í¬ÖÜÆÚ±ä¾àÊµÑéÊý¾Ý\Ô­Ê¼Í¼ÏñÊý¾Ý\²É¼¯Í¼Æ¬Êý¾Ý_600_6_05\²É¼¯Í¼Æ¬Êý¾Ý_600_6_10\600_6_10_91.bmp 464.438 239.75 9.16172 00
F:\Exp\4×é²»Í¬ÖÜÆÚ±ä¾àÊµÑéÊý¾Ý\Ô­Ê¼Í¼ÏñÊý¾Ý\²É¼¯Í¼Æ¬Êý¾Ý_600_6_05\²É¼¯Í¼Æ¬Êý¾Ý_600_6_10\600_6_10_92.bmp 464.438 239.75 9.16172 00
F:\Exp\4×é²»Í¬ÖÜÆÚ±ä¾àÊµÑéÊý¾Ý\Ô­Ê¼Í¼ÏñÊý¾Ý\²É¼¯Í¼Æ¬Êý¾Ý_600_6_05\²É¼¯Í¼Æ¬Êý¾Ý_600_6_10\600_6_10_93.bmp 481.25 240.25 9.18419 00
F:\Exp\4×é²»Í¬ÖÜÆÚ±ä¾àÊµÑéÊý¾Ý\Ô­Ê¼Í¼ÏñÊý¾Ý\²É¼¯Í¼Æ¬Êý¾Ý_600_6_05\²É¼¯Í¼Æ¬Êý¾Ý_600_6_10\600_6_10_94.bmp 481.25 240.25 9.18419 00
F:\Exp\4×é²»Í¬ÖÜÆÚ±ä¾àÊµÑéÊý¾Ý\Ô­Ê¼Í¼ÏñÊý¾Ý\²É¼¯Í¼Æ¬Êý¾Ý_600_6_05\²É¼¯Í¼Æ¬Êý¾Ý_600_6_10\600_6_10_95.bmp 464.063 239.75 9.20677 00
F:\Exp\4×é²»Í¬ÖÜÆÚ±ä¾àÊµÑéÊý¾Ý\Ô­Ê¼Í¼ÏñÊý¾Ý\²É¼¯Í¼Æ¬Êý¾Ý_600_6_05\²É¼¯Í¼Æ¬Êý¾Ý_600_6_10\600_6_10_96.bmp 464.063 239.75 9.20677 00
F:\Exp\4×é²»Í¬ÖÜÆÚ±ä¾àÊµÑéÊý¾Ý\Ô­Ê¼Í¼ÏñÊý¾Ý\²É¼¯Í¼Æ¬Êý¾Ý_600_6_05\²É¼¯Í¼Æ¬Êý¾Ý_600_6_10\600_6_10_97.bmp 482.188 241.625 9.01251 00
F:\Exp\4×é²»Í¬ÖÜÆÚ±ä¾àÊµÑéÊý¾Ý\Ô­Ê¼Í¼ÏñÊý¾Ý\²É¼¯Í¼Æ¬Êý¾Ý_600_6_05\²É¼¯Í¼Æ¬Êý¾Ý_600_6_10\600_6_10_98.bmp 482.188 241.625 9.01251 00
F:\Exp\4×é²»Í¬ÖÜÆÚ±ä¾àÊµÑéÊý¾Ý\Ô­Ê¼Í¼ÏñÊý¾Ý\²É¼¯Í¼Æ¬Êý¾Ý_600_6_05\²É¼¯Í¼Æ¬Êý¾Ý_600_6_10\600_6_10_99.bmp 464.188 242.625 9.01251 00
